/* the v,u, and w series data for Jupiter */

int	jup_prim_arg_index[JUPN]=	{4,6,7,17,18,21,24};

jup_series_struct jup_v_data[62]=
	{
	.38966,
	0,
	's',
	0,0,0,1,0,0,0,

	.07498,
	0,
	's',
	0,1,0,0,0,0,0,

	-.02828,
	0,
	's',
	0,0,0,1,-1,0,0,

	-.02049,
	0,
	'c',
	0,0,0,0,1,0,0,

	.00948,
	1,
	'c',
	0,0,0,1,0,0,0,

	.00942,
	0,
	's',
	0,0,0,1,1,0,0,

	.00472,
	0,
	'c',
	0,0,0,1,0,0,0,

	-.00188,
	0,
	's',
	0,1,-1,0,0,0,0,

	.00149,
	0,
	'c',
	0,0,0,0,0,0,0,

	.00113,
	0,
	's',
	0,0,0,0,1,0,0,

	.00103,
	0,
	'c',
	0,0,0,1,2,-5,0,

	.00103,
	0,
	'c',
	0,0,0,1,-2,5,0,

	-.00079,
	1,
	'c',
	0,0,0,1,-1,0,0,

	.00063,
	0,
	's',
	0,1,1,0,0,0,0,

	-.00049,
	0,
	'c',
	0,0,0,0,2,0,0,

	-.00047,
	0,
	's',
	0,0,0,1,2,-5,0,

	.00043,
	0,
	's',
	0,0,0,1,-2,5,0,

	-.00040,
	0,
	'c',
	0,0,0,1,-1,0,0,

	-.00033,
	1,
	's',
	0,0,0,1,0,0,0,

	.00032,
	0,
	's',
	0,0,0,1,2,0,0,

	.00026,
	0,
	's',
	0,0,0,1,-2,2,0,

	-.00023,
	0,
	's',
	0,0,0,1,-3,5,0,

	.00019,
	1,
	'c',
	0,0,0,1,1,0,0,

	.00014,
	0,
	's',
	0,0,0,1,-1,2,0,

	.00013,
	1,
	's',
	0,0,0,0,1,0,0,

	-.00012,
	2,
	's',
	0,0,0,1,0,0,0,

	-.00011,
	0,
	'c',
	0,0,0,1,-2,2,0,

	-.00011,
	0,
	's',
	0,0,0,1,1,-2,0,

	.00010,
	0,
	'c',
	0,0,0,1,-1,1,0,

	.00010,
	0,
	'c',
	0,0,0,1,1,0,0,

	.00009,
	1,
	'c',
	0,0,0,0,1,0,0,

	.00009,
	0,
	's',
	0,0,0,1,-2,0,0,

	.00009,
	0,
	'c',
	0,0,0,1,-2,3,0,

	-.00008,
	0,
	's',
	0,0,0,1,2,-2,0,

	-.00007,
	1,
	's',
	0,0,0,1,-1,0,0,

	.00007,
	0,
	's',
	0,0,0,0,3,-5,0,

	-.00007,
	0,
	's',
	0,0,0,1,-2,3,0,

	-.00007,
	1,
	's',
	0,0,0,1,2,-5,0,

	.00006,
	0,
	'c',
	0,0,0,1,3,-5,0,

	-.00006,
	0,
	's',
	0,0,0,0,1,-5,0,

	.00005,
	0,
	's',
	0,0,0,1,3,-5,0,

	.00005,
	0,
	'c',
	0,0,0,1,1,-1,0,

	.00005,
	0,
	'c',
	0,0,0,1,-1,5,0,

	-.00004,
	0,
	'c',
	0,1,0,0,0,0,0,

	-.00004,
	1,
	's',
	0,1,0,0,0,0,0,

	-.00004,
	0,
	's',
	1,0,0,-1,0,0,0,

	.00004,
	0,
	'c',
	0,0,0,1,2,-3,0,

	-.00003,
	0,
	'c',
	0,0,0,1,2,-2,0,

	-.00003,
	1,
	'c',
	0,0,0,1,2,-5,0,

	.00003,
	0,
	'c',
	0,0,0,0,3,-5,0,

	.00003,
	0,
	's',
	0,0,0,1,2,-3,0,

	.00003,
	0,
	's',
	0,0,0,0,2,0,0,

	.00003,
	1,
	's',
	0,0,0,1,1,0,0,

	.00002,
	0,
	's',
	0,0,0,3,0,0,0,

	.00002,
	0,
	'c',
	0,0,0,1,-3,3,0,

	.00002,
	0,
	's',
	0,0,0,1,-1,5,0,

	-.00002,
	0,
	'c',
	0,0,0,0,1,-5,0,

	-.00002,
	0,
	'c',
	0,0,0,0,3,0,0,

	.00002,
	0,
	'c',
	0,0,0,1,2,-4,0,

	.00002,
	0,
	'c',
	0,0,0,1,-2,4,0,

	.00002,
	1,
	's',
	0,0,0,1,-2,5,0,

	0.0,
	0,
	's',
	0,0,0,0,0,0,0
	};

jup_series_struct jup_u_data[69]=
	{
	1.00000,
	0,
	'c',
	0,0,0,0,0,0,0,

	.36891,
	0,
	'c',
	0,1,0,-1,0,0,0,

	-.09288,
	0,
	'c',
	0,0,0,0,1,0,0,

	-.02678,
	0,
	'c',
	0,1,0,-1,1,0,0,

	-.00927,
	0,
	'c',
	0,1,-1,-1,0,0,0,

	.00898,
	1,
	's',
	0,1,0,-1,0,0,0,

	.00892,
	0,
	'c',
	0,1,0,-1,-1,0,0,

	.00467,
	0,
	's',
	0,1,0,-1,0,0,0,

	.00309,
	0,
	'c',
	0,1,1,-1,0,0,0,

	-.00119,
	0,
	'c',
	0,0,1,0,0,0,0,

	-.00111,
	0,
	'c',
	0,0,0,0,2,0,0,

	.00098,
	0,
	's',
	0,1,0,-1,-2,5,0,

	.00098,
	0,
	's',
	0,1,0,-1,2,-5,0,

	.00096,
	0,
	'c',
	0,0,0,0,2,-2,0,

	-.00075,
	1,
	's',
	0,1,0,-1,1,0,0,

	.00067,
	0,
	'c',
	0,1,-1,-1,1,0,0,

	-.00063,
	0,
	'c',
	0,0,0,0,3,-5,0,

	-.00045,
	0,
	'c',
	0,1,0,-1,-2,5,0,

	.00041,
	0,
	'c',
	0,1,0,-1,2,-5,0,

	-.00040,
	0,
	's',
	0,0,0,0,2,-2,0,

	-.00039,
	0,
	's',
	0,1,0,-1,1,0,0,

	-.00035,
	1,
	's',
	0,0,0,0,1,0,0,

	-.00032,
	1,
	'c',
	0,0,0,0,1,0,0,

	.00030,
	0,
	'c',
	0,1,0,-1,-2,0,0,

	.00025,
	0,
	's',
	0,0,0,0,2,-3,0,

	.00025,
	0,
	'c',
	0,1,0,-1,2,-2,0,

	-.00024,
	0,
	's',
	0,0,0,0,1,-5,0,

	.00024,
	0,
	's',
	0,0,0,0,3,-5,0,

	.00023,
	0,
	's',
	0,0,0,0,1,-1,0,

	-.00023,
	1,
	's',
	0,1,-1,-1,0,0,0,

	-.00022,
	0,
	'c',
	0,1,1,-1,1,0,0,

	-.00022,
	0,
	'c',
	0,1,-1,-1,-1,0,0,

	-.00021,
	0,
	'c',
	0,1,0,-1,3,-5,0,

	-.00019,
	0,
	'c',
	0,0,0,0,2,-3,0,

	.00018,
	1,
	's',
	0,1,0,-1,-1,0,0,

	-.00017,
	0,
	's',
	0,0,0,0,1,0,0,

	.00014,
	0,
	'c',
	0,1,0,-1,1,-2,0,

	-.00011,
	1,
	'c',
	0,1,0,-1,0,0,0,

	-.00011,
	0,
	's',
	0,1,-1,-1,0,0,0,

	-.00011,
	2,
	'c',
	0,1,0,-1,0,0,0,

	-.00011,
	0,
	'c',
	0,0,0,0,1,-5,0,

	-.00010,
	0,
	's',
	0,1,0,-1,2,-2,0,

	.00010,
	0,
	's',
	0,0,0,0,3,-3,0,

	-.00010,
	0,
	'c',
	0,1,0,-1,-1,2,0,

	.00009,
	0,
	's',
	0,1,0,-1,1,-1,0,

	.00009,
	0,
	's',
	0,1,0,-1,-1,0,0,

	.00009,
	0,
	'c',
	0,0,0,0,1,-2,0,

	.00009,
	0,
	'c',
	0,1,0,-1,2,0,0,

	.00008,
	0,
	's',
	0,1,0,-1,2,-3,0,

	-.00008,
	1,
	'c',
	0,1,0,-1,1,0,0,

	.00008,
	1,
	's',
	0,1,1,-1,0,0,0,

	-.00008,
	0,
	'c',
	0,1,0,-1,-2,2,0,

	.00007,
	0,
	'c',
	0,1,1,-1,-1,0,0,

	-.00007,
	0,
	's',
	0,0,0,0,2,-5,0,

	-.00006,
	0,
	'c',
	0,0,0,0,0,2,0,

	-.00006,
	0,
	'c',
	0,1,0,-1,2,-3,0,

	-.00006,
	1,
	'c',
	0,1,0,-1,-2,5,0,

	.00006,
	0,
	's',
	0,1,0,-1,-3,5,0,

	.00005,
	0,
	'c',
	0,1,0,-1,-3,5,0,

	.00005,
	0,
	's',
	0,1,0,-1,-1,1,0,

	.00005,
	0,
	's',
	0,1,0,-1,1,-5,0,

	.00005,
	0,
	'c',
	0,0,0,0,3,-3,0,

	.00004,
	0,
	's',
	0,0,0,0,1,-2,0,

	.00004,
	0,
	'c',
	0,1,2,-1,0,0,0,

	.00004,
	0,
	's',
	0,1,1,-1,0,0,0,

	.00003,
	0,
	's',
	0,0,0,0,0,1,0,

	.00003,
	0,
	's',
	0,1,0,-1,-2,3,0,

	-.00003,
	0,
	's',
	0,0,0,0,1,-3,0,

	0.0,
	0,
	's',
	0,0,0,0,0,0,0
	};

jup_series_struct jup_w_data[77]=
	{
	.18063,
	0,
	's',
	0,1,0,-1,0,0,0,

	.09081,
	0,
	's',
	0,0,0,0,1,0,0,

	-.04032,
	0,
	's',
	0,0,0,2,0,0,0,

	.02286,
	1,
	'c',
	0,0,0,0,0,0,0,

	.01138,
	0,
	'c',
	0,0,0,0,0,0,0,

	-.00778,
	0,
	's',
	0,1,0,1,0,0,0,

	.00497,
	0,
	'c',
	0,0,0,0,2,-5,0,

	-.00454,
	0,
	's',
	0,1,-1,-1,0,0,0,

	.00445,
	0,
	'c',
	0,0,0,1,1,0,0,

	.00445,
	0,
	'c',
	0,0,0,1,-1,0,0,

	.00293,
	0,
	's',
	0,0,0,2,-1,0,0,

	-.00218,
	0,
	's',
	0,0,0,0,2,-5,0,

	.00151,
	0,
	's',
	0,1,1,-1,0,0,0,

	-.00144,
	1,
	'c',
	0,0,0,0,1,0,0,

	-.00099,
	1,
	'c',
	0,0,0,2,0,0,0,

	-.00097,
	0,
	's',
	0,0,0,2,1,0,0,

	-.00083,
	0,
	's',
	0,0,0,0,2,-2,0,

	-.00072,
	0,
	'c',
	0,0,0,0,1,0,0,

	.00067,
	0,
	's',
	0,0,0,0,3,-5,0,

	-.00064,
	0,
	'c',
	0,0,0,1,0,0,0,

	-.00060,
	0,
	's',
	0,0,0,0,1,-2,0,

	.00054,
	0,
	's',
	0,0,0,0,2,0,0,

	-.00053,
	0,
	'c',
	0,0,0,2,0,0,0,

	.00036,
	0,
	'c',
	0,0,0,0,1,-1,0,

	-.00034,
	0,
	'c',
	0,0,0,0,2,-2,0,

	.00030,
	0,
	'c',
	0,0,0,0,2,-3,0,

	.00028,
	1,
	's',
	0,0,0,0,1,0,0,

	-.00025,
	0,
	's',
	0,0,0,1,1,0,0,

	.00025,
	0,
	's',
	0,0,0,1,-1,0,0,

	.00022,
	0,
	's',
	0,0,0,0,2,-3,0,

	-.00020,
	1,
	's',
	0,0,0,0,2,-5,0,

	.00020,
	0,
	's',
	0,1,-1,1,0,0,0,

	.00016,
	0,
	'c',
	0,0,0,0,3,-5,0,

	.00012,
	0,
	'c',
	0,0,0,0,1,-5,0,

	.00011,
	0,
	'c',
	0,0,0,1,2,0,0,

	.00011,
	0,
	'c',
	0,0,0,1,-2,0,0,

	-.00011,
	0,
	'c',
	0,0,0,2,2,-5,0,

	-.00011,
	0,
	'c',
	0,0,0,2,-2,5,0,

	-.00010,
	0,
	'c',
	0,1,0,-1,0,0,0,

	-.00009,
	1,
	'c',
	0,0,0,0,2,-5,0,

	.00008,
	1,
	'c',
	0,0,0,2,-1,0,0,

	-.00008,
	0,
	's',
	1,0,0,0,0,0,0,

	.00008,
	0,
	'c',
	0,0,0,0,2,-4,0,

	-.00007,
	0,
	's',
	0,0,0,0,1,-1,0,

	-.00007,
	0,
	's',
	0,1,1,1,0,0,0,

	.00006,
	0,
	'c',
	0,0,0,0,3,-3,0,

	-.00006,
	0,
	's',
	0,0,0,0,3,-4,0,

	.00006,
	1,
	's',
	0,0,0,2,0,0,0,

	-.00005,
	0,
	's',
	0,0,0,0,1,-5,0,

	.00005,
	0,
	's',
	0,0,0,2,2,-5,0,

	-.00004,
	0,
	's',
	0,0,0,2,-2,5,0,

	.00004,
	0,
	'c',
	0,0,0,2,-1,0,0,

	-.00004,
	0,
	's',
	0,0,0,0,0,1,0,

	.00004,
	0,
	's',
	0,0,0,0,2,-6,3,

	.00004,
	0,
	'c',
	0,0,0,0,0,1,0,

	-.00004,
	0,
	'c',
	0,0,0,0,4,-10,0,

	-.00004,
	0,
	's',
	0,0,0,0,1,-3,0,

	-.00003,
	0,
	'c',
	0,0,0,0,1,-3,0,

	.00003,
	0,
	'c',
	0,0,0,0,3,-4,0,

	-.00003,
	0,
	's',
	0,0,0,0,4,-10,0,

	-.00003,
	0,
	's',
	0,0,0,2,2,0,0,

	.00003,
	1,
	'c',
	0,0,0,0,2,0,0,

	-.00003,
	1,
	's',
	0,0,0,1,1,0,0,

	.00003,
	1,
	's',
	0,0,0,1,-1,0,0,

	-.00003,
	0,
	's',
	0,0,0,0,3,-3,0,

	-.00003,
	0,
	's',
	0,0,0,2,-2,2,0,

	.00002,
	0,
	'c',
	0,0,0,0,0,2,0,

	.00002,
	0,
	's',
	0,0,0,2,-3,5,0,

	-.00002,
	1,
	'c',
	0,0,0,1,1,0,0,

	-.00002,
	1,
	'c',
	0,0,0,1,-1,0,0,

	-.00002,
	2,
	's',
	0,0,0,0,1,0,0,

	-.00002,
	1,
	'c',
	0,0,0,2,1,0,0,

	.00002,
	0,
	's',
	0,1,2,-1,0,0,0,

	-.00002,
	0,
	's',
	0,0,0,0,4,-4,0,

	.00002,
	1,
	'c',
	0,0,0,0,2,-2,0,

	.00002,
	0,
	's',
	0,0,0,0,3,0,0,

	0.0,
	0,
	's',
	0,0,0,0,0,0,0
	};

