/* the v,u, and w series data for Mars */

int	mar_prim_arg_index[MARN]=	{4,6,7,12,14,15,16,18};

mar_series_struct mar_v_data[29]=
	{
	.32967,
	0,
	's',
	0,0,0,0,1,0,0,0,

	.21734,
	0,
	's',
	0,1,0,0,0,0,0,0,

	-.04634,
	0,
	's',
	0,0,0,0,1,-1,0,0,

	.02454,
	0,
	's',
	0,0,0,0,0,0,1,0,

	.01535,
	0,
	's',
	0,0,0,0,1,1,0,0,

	-.00546,
	0,
	's',
	0,1,-1,0,0,0,0,0,

	.00345,
	0,
	's',
	0,0,0,0,0,1,-1,0,

	.00182,
	0,
	's',
	0,1,1,0,0,0,0,0,

	.00114,
	0,
	's',
	0,0,0,0,0,1,1,0,

	.00107,
	0,
	's',
	0,0,0,0,1,2,0,0,

	.00036,
	0,
	's',
	0,0,0,0,1,-2,0,0,

	-.00018,
	1,
	's',
	0,0,0,0,1,0,0,0,

	-.00011,
	1,
	's',
	0,1,0,0,0,0,0,0,

	.00009,
	0,
	's',
	0,0,0,0,1,3,0,0,

	.00008,
	0,
	's',
	0,0,0,0,1,0,-2,0,

	.00008,
	0,
	's',
	0,0,0,0,0,2,1,0,

	-.00005,
	0,
	'c',
	0,1,0,0,0,0,0,0,

	-.00004,
	0,
	'c',
	0,0,0,0,1,0,0,0,

	-.00003,
	0,
	's',
	1,0,0,0,-1,0,0,0,

	-.00003,
	0,
	's',
	0,0,0,0,0,2,-1,0,

	-.00002,
	0,
	'c',
	0,0,0,0,1,-1,0,2,

	.00002,
	0,
	's',
	0,1,2,0,0,0,0,0,

	.00002,
	0,
	's',
	0,0,0,0,1,-1,0,1,

	-.00002,
	0,
	's',
	1,-1,0,0,0,0,0,0,

	-.00002,
	0,
	'c',
	0,0,0,0,1,-2,0,2,

	-.00002,
	1,
	's',
	0,0,0,0,1,-1,0,0,

	.00002,
	0,
	'c',
	0,0,0,0,1,-1,0,1,

	.00002,
	1,
	's',
	0,1,-1,0,0,0,0,0,

	0.0,
	0,
	's',
	0,0,0,0,0,0,0,0
	};


mar_series_struct mar_u_data[42]=
	{
	1.0000,
	0,
	'c',
	0,0,0,0,0,0,0,0,

	.90471,
	0,
	'c',
	0,1,0,0,-1,0,0,0,

	-.12909,
	0,
	'c',
	0,0,0,0,0,1,0,0,

	-.12718,
	0,
	'c',
	0,1,0,0,-1,1,0,0,

	.04212,
	0,
	'c',
	0,1,0,0,-1,-1,0,0,

	-.02273,
	0,
	'c',
	0,1,-1,0,-1,0,0,0,

	-.00999,
	0,
	'c',
	0,0,1,0,0,0,0,0,

	.00758,
	0,
	'c',
	0,1,1,0,-1,0,0,0,

	.00318,
	0,
	'c',
	0,1,-1,0,-1,1,0,0,

	-.00300,
	0,
	'c',
	0,0,0,0,0,2,0,0,

	.00294,
	0,
	'c',
	0,1,0,0,-1,-2,0,0,

	-.00107,
	0,
	'c',
	0,1,1,0,-1,1,0,0,

	-0.00106,
	0,
	'c',
	0,1,-1,0,-1,-1,0,0,

	.00099,
	0,
	'c',
	0,1,0,0,-1,2,0,0,

	.00036,
	0,
	'c',
	0,1,1,0,-1,-1,0,0,

	.00024,
	0,
	'c',
	0,1,0,0,-1,-3,0,0,

	.00023,
	0,
	'c',
	0,1,0,0,-1,0,2,0,

	-.00014,
	0,
	'c',
	0,0,0,0,0,3,0,0,

	-.00012,
	1,
	'c',
	0,1,0,0,-1,1,0,0,

	-.00011,
	1,
	'c',
	0,0,0,0,0,1,0,0,

	.00010,
	0,
	'c',
	0,1,2,0,-1,0,0,0,

	.00008,
	0,
	's',
	0,1,0,0,-1,0,0,0,

	-.00007,
	0,
	'c',
	0,1,-1,0,-1,-2,0,0,

	-.00006,
	0,
	's',
	0,1,0,0,-1,1,0,-2,

	-.00006,
	0,
	's',
	0,0,0,0,0,2,0,-2,

	.00006,
	0,
	'c',
	0,1,0,0,-1,1,0,-1,

	.00006,
	1,
	'c',
	0,1,-1,0,-1,0,0,0,

	-.00006,
	0,
	's',
	0,1,0,0,-1,2,0,-2,

	.00005,
	0,
	's',
	0,1,0,0,-1,1,0,-1,

	.00005,
	0,
	'c',
	0,0,0,0,0,1,0,-1,

	.00004,
	0,
	's',
	0,0,0,0,0,1,0,-1,

	.00004,
	1,
	'c',
	0,1,0,0,-1,-1,0,0,

	-.00004,
	0,
	'c',
	0,0,2,0,0,0,0,0,

	-.00004,
	0,
	's',
	0,0,0,0,0,1,0,-2,

	-.00004,
	0,
	'c',
	0,1,-1,0,-1,2,0,0,

	.00004,
	0,
	'c',
	0,1,1,0,-1,-2,0,0,

	-.00003,
	0,
	's',
	0,0,0,0,0,1,0,0,

	-.00003,
	0,
	'c',
	0,1,0,0,-1,-1,2,0,

	-.00003,
	0,
	's',
	0,1,0,0,-1,-1,0,2,

	.00003,
	0,
	'c',
	0,1,-2,0,-1,0,0,0,

	.00003,
	0,
	'c',
	0,1,0,0,-1,3,0,0,

	0.0,
	0,
	'c',
	0,0,0,0,0,0,0,0
	};

mar_series_struct mar_w_data[49]=
	{
	.52354,
	0,
	's',
	0,1,0,0,-1,0,0,0,

	.14860,
	0,
	's',
	0,0,0,0,0,1,0,0,

	-.03421,
	0,
	's',
	0,0,0,0,2,0,0,0,

	-.02255,
	0,
	's',
	0,1,0,0,1,0,0,0,

	-.01315,
	0,
	's',
	0,1,-1,0,-1,0,0,0,

	-.00532,
	0,
	's',
	0,0,0,0,1,0,1,0,

	.00532,
	0,
	's',
	0,0,0,0,1,0,-1,0,

	.00481,
	0,
	's',
	0,0,0,0,2,-1,0,0,

	.00439,
	0,
	's',
	0,1,1,0,-1,0,0,0,

	.00171,
	0,
	's',
	0,0,0,0,0,2,0,0,

	-.00159,
	0,
	's',
	0,0,0,0,2,1,0,0,

	.00075,
	0,
	's',
	0,0,0,0,1,-1,1,0,

	-.00075,
	0,
	's',
	0,0,0,0,1,1,-1,0,

	.00057,
	0,
	's',
	0,1,-1,0,1,0,0,0,

	-.00025,
	0,
	's',
	0,0,0,0,1,1,1,0,

	.00025,
	0,
	's',
	0,0,0,0,1,-1,-1,0,

	-.00020,
	0,
	's',
	0,0,0,0,0,0,2,0,

	-.00019,
	0,
	's',
	0,1,1,0,1,0,0,0,

	.00019,
	0,
	's',
	0,0,0,0,0,3,0,0,

	.00015,
	1,
	's',
	0,0,0,0,0,1,0,0,

	-.00014,
	0,
	'c',
	0,1,0,0,-1,0,0,0,

	-.00011,
	0,
	's',
	0,0,0,0,2,2,0,0,

	-.00011,
	0,
	'c',
	0,0,0,0,0,0,0,0,

	-.00008,
	0,
	'c',
	0,0,0,0,0,1,0,-2,

	-.00007,
	0,
	's',
	0,0,0,0,0,1,0,-1,

	-.00007,
	0,
	's',
	1,0,0,0,0,0,0,0,

	.00006,
	0,
	'c',
	0,0,0,0,0,1,0,-1,

	-.00006,
	0,
	'c',
	0,0,0,0,0,2,0,-2,

	.00006,
	0,
	's',
	0,1,2,0,-1,0,0,0,

	.00005,
	0,
	'c',
	0,0,1,0,0,-2,0,0,

	.00004,
	1,
	's',
	0,0,0,0,2,0,0,0,

	-.00004,
	0,
	's',
	0,0,0,0,2,-2,0,0,

	.00003,
	1,
	's',
	0,1,-1,0,-1,0,0,0,

	-.00003,
	0,
	's',
	0,0,0,0,0,1,-2,0,

	.00003,
	0,
	'c',
	0,0,1,0,0,-1,0,0,

	-.00003,
	0,
	'c',
	0,0,2,0,0,-3,0,0,

	-.00003,
	0,
	'c',
	0,2,0,0,-2,0,0,0,

	.00003,
	1,
	's',
	0,1,0,0,1,0,0,0,

	.00003,
	1,
	's',
	0,1,0,0,-1,0,0,0,

	-.00002,
	0,
	's',
	1,1,0,0,-1,0,0,0,

	-.00002,
	0,
	's',
	0,0,0,1,0,-3,0,0,

	-.00002,
	0,
	's',
	0,0,1,0,0,-1,0,0,

	-.00002,
	0,
	's',
	1,-1,0,0,1,0,0,0,

	-.00002,
	0,
	's',
	0,0,1,0,0,-2,0,0,

	.00002,
	0,
	's',
	0,1,-2,0,-1,0,0,0,

	-.00002,
	0,
	's',
	0,0,0,0,1,2,1,0,

	.00002,
	0,
	's',
	0,0,0,0,1,-2,-1,0,

	-.00002,
	0,
	'c',
	0,0,2,0,0,-4,0,0,

	0.0,
	0,
	's',
	0,0,0,0,0,0,0,0
	};

