/* the v,u, and w series data for mercury */

int	mer_prim_arg_index[MERN]=	{0,4,6,7,8,9,10,12,15,18};

mer_series_struct mer_v_data[32]=
	{
	.36951,
	0,
	's',
	0,0,1,0,0,0,0,0,0,0,

	.13951,
	0,
	's',
	0,0,0,0,1,0,0,0,0,0,	

	-.04396,
	0,
	's',
	0,0,0,0,1,-1,0,0,0,0,

	.03935,
	0,
	's',
	0,0,0,0,0,0,1,0,0,0,

	.01419,
	0,
	's',
	0,0,0,0,1,1,0,0,0,0,

	.01240,
	0,
	's',
	0,0,0,0,0,1,-1,0,0,0,

      -.00928,
	0,
	's',
	0,0,1,-1,0,0,0,0,0,0,

	.00400,
	0,
	's',
	0,0,0,0,0,1,1,0,0,0,

	.00310,
	0,
	's',
	0,0,1,1,0,0,0,0,0,0,

	.00216,
	0,
	's',
	0,0,0,0,1,2,0,0,0,0,

	.00076,
	0,
	's',
	0,0,0,0,1,-2,0,0,0,0,

	.00061,
	0,
	's',
	0,0,0,0,0,2,1,0,0,0,

	.00052,
	0,
	's',
	0,0,0,0,1,0,-2,0,0,0,

	.00039,
	0,
	's',
	0,0,0,0,1,3,0,0,0,0,

	-.00022,
	0,
	's',
	0,0,0,0,0,2,-1,0,0,0,

	-.00019,
	1,
	's',
	0,0,1,0,0,0,0,0,0,0,

	-.00017,
	0,
	's',
	0,0,0,0,1,1,-2,0,0,0,

	.00011,
	0,
	's',
	0,0,0,0,0,3,1,0,0,0,

	.00008,
	0,
	's',
	0,0,0,0,1,4,0,0,0,0,

	-.00007,
	1,
	's',
	0,0,0,0,1,0,0,0,0,0,

	-.00007,
	0,
	'c',
	0,0,0,0,1,0,0,0,0,0,

	.00005,
	0,
	's',
	0,0,0,0,1,-1,-2,0,0,0,

	.00005,
	0,
	's',
	0,0,0,0,1,-3,0,0,0,0,

	-.00005,
	0,
	'c',
	0,0,1,0,0,0,0,0,0,0,

	.00004,
	0,
	's',
	0,0,1,2,0,0,0,0,0,0,

	-.00004,
	0,
	's',
	0,1,-1,0,0,0,0,0,0,0,

	.00003,
	1,
	's',
	0,0,1,-1,0,0,0,0,0,0,

	.00002,
	0,
	's',
	0,0,0,0,0,4,1,0,0,0,

	.00002,
	1,
	's',
	0,0,0,0,1,-1,0,0,0,0,

	-.00002,
	0,
	'c',
	0,0,0,0,1,1,0,0,0,0,

	.00002,
	0,
	's',
	0,0,0,0,1,5,0,0,0,0,

	.0,
	0,
	's',
	0,0,0,0,0,0,0,0,0,0
	};

mer_series_struct mer_u_data[40]=
	{
	1.000,
	0,
	'c',
	0,0,0,0,0,0,0,0,0,0,

	.65089,
	0,
	'c',
	0,0,1,0,-1,0,0,0,0,0,

	-.20509,
	0,
	'c',
	0,0,1,0,-1,1,0,0,0,0,

	.06621,
	0,
	'c',
	0,0,1,0,-1,-1,0,0,0,0,

	-.05285,
	0,
	'c',
	0,0,0,0,0,1,0,0,0,0,

	-.02888,
	0,
	'c',
	0,0,0,1,0,0,0,0,0,0,

	-.01635,
	0,
	'c',
	0,0,1,-1,-1,0,0,0,0,0,

	.01010,
	0,
	'c',
	0,0,1,0,-1,-2,0,0,0,0,

	.00545,
	0,
	'c',
	0,0,1,1,-1,0,0,0,0,0,

	.00515,
	0,
	'c',
	0,0,1,-1,-1,1,0,0,0,0,

	.00356,
	0,
	'c',
	0,0,1,0,-1,2,0,0,0,0,

	-.00270,
	0,
	'c',
	0,0,0,0,0,2,0,0,0,0,

	.00244,
	0,
	'c',
	0,0,1,0,-1,0,2,0,0,0,

	.00183,
	0,
	'c',
	0,0,1,0,-1,-3,0,0,0,0,

	-.00172,
	0,
	'c',
	0,0,1,1,-1,1,0,0,0,0,

	-.00166,
	0,
	'c',
	0,0,1,-1,-1,-1,0,0,0,0,

	-.00077,
	0,
	'c',
	0,0,1,0,-1,-1,2,0,0,0,

	.00055,
	0,
	'c',
	0,0,1,1,-1,-1,0,0,0,0,

	.00036,
	0,
	'c',
	0,0,1,0,-1,-4,0,0,0,0,

	-.00027,
	0,
	'c',
	0,0,0,0,0,3,0,0,0,0,

	-.00025,
	0,
	'c',
	0,0,1,-1,-1,-2,0,0,0,0,

	.00024,
	0,
	'c',
	0,0,1,0,-1,1,2,0,0,0,

	.00024,
	0,
	'c',
	0,0,1,0,-1,3,0,0,0,0,

	-.00021,
	0,
	's',
	0,0,1,0,-1,0,0,0,0,0,

	-.00012,
	0,
	'c',
	0,0,0,2,0,0,0,0,0,0,

	-.00009,
	0,
	'c',
	0,0,1,-1,-1,2,0,0,0,0,

	.00008,
	0,
	'c',
	0,0,1,1,-1,-2,0,0,0,0,

	-.00008,
	0,
	's',
	0,0,1,0,-1,-1,0,0,0,0,

	.00007,
	1,
	'c',
	0,0,0,1,0,0,0,0,0,0,

	.00007,
	0,
	'c',
	0,0,1,0,-1,-5,0,0,0,0,

	.00007,
	0,
	'c',
	0,0,1,2,-1,0,0,0,0,0,

	-.00006,
	0,
	'c',
	0,0,1,-1,-1,0,2,0,0,0,

	-.00005,
	0,
	'c',
	0,0,1,-1,-1,-3,0,0,0,0,

	-.00004,
	0,
	's',
	0,0,0,1,0,0,0,0,0,-1,

	.00004,
	1,
	'c',
	0,0,1,-1,-1,0,0,0,0,0,

	-.00004,
	0,
	'c',
	0,0,0,0,0,4,0,0,0,0,

	.00004,
	0,
	'c',
	0,0,1,0,-1,2,2,0,0,0,

	-.00004,
	0,
	's',
	0,0,2,0,-2,0,0,0,0,0,

	.00003,
	0,
	's',
	0,0,0,2,0,0,0,-2,0,0,

	.0,
	0,
	's',
	0,0,0,0,0,0,0,0,0,0
	};

mer_series_struct mer_w_data[55]=
	{
	-.33605,
	0,
	's',
	0,0,1,0,-1,0,0,0,0,0,

	.10589,
	0,
	's',
	0,0,1,0,-1,1,0,0,0,0,

	-.03835,
	0,
	's',
	0,0,2,0,0,0,0,0,0,0,

	-.03418,
	0,
	's',
	0,0,1,0,-1,-1,0,0,0,0,

	.02982,
	0,
	's',
	0,0,0,1,0,0,0,0,0,0,

	-.01448,
	0,
	's',
	0,0,1,0,1,0,0,0,0,0,

	-.00854,
	0,
	's',
	0,0,1,0,0,0,1,0,0,0,

	.00854,
	0,
	's',
	0,0,1,0,0,0,-1,0,0,0,

	-.00521,
	0,
	's',
	0,0,1,0,-1,-2,0,0,0,0,

	.00456,
	0,
	's',
	0,0,1,0,1,-1,0,0,0,0,

	-.00269,
	0,
	's',
	0,0,1,0,0,1,-1,0,0,0,

	.00269,
	0,
	's',
	0,0,1,0,0,-1,1,0,0,0,

	-.00184,
	0,
	's',
	0,0,1,0,-1,2,0,0,0,0,

	-.00147,
	0,
	's',
	0,0,1,0,1,1,0,0,0,0,

	-.00126,
	0,
	's',
	0,0,1,0,-1,0,2,0,0,0,

	.00096,
	0,
	's',
	0,0,2,-1,0,0,0,0,0,0,

	-.00094,
	0,
	's',
	0,0,1,0,-1,-3,0,0,0,0,

	-.00087,
	0,
	's',
	0,0,1,0,0,1,1,0,0,0,

	.00087,
	0,
	's',
	0,0,1,0,0,-1,-1,0,0,0,

	.00040,
	0,
	's',
	0,0,1,0,-1,-1,2,0,0,0,

	-.00032,
	0,
	's',
	0,0,2,1,0,0,0,0,0,0,

	-.00022,
	0,
	's',
	0,0,1,0,1,2,0,0,0,0,

	-.00019,
	0,
	's',
	0,0,1,0,-1,-4,0,0,0,0,

	-.00018,
	0,
	'c',
	0,0,1,0,-1,0,0,0,0,0,

	-.00013,
	0,
	's',
	0,0,1,0,0,2,1,0,0,0,

	.00013,
	0,
	's',
	0,0,1,0,0,-2,-1,0,0,0,

	-.00013,
	0,
	's',
	0,0,1,0,-1,1,2,0,0,0,

	-.00013,
	0,
	's',
	0,0,1,0,-1,3,0,0,0,0,

	-.00012,
	0,
	'c',
	0,0,0,0,0,0,0,0,0,0,

	-.00008,
	0,
	's',
	0,0,1,0,1,-2,0,0,0,0,

	-.00007,
	1,
	's',
	0,0,0,1,0,0,0,0,0,0,

	-.00007,
	0,
	's',
	0,1,0,0,0,0,0,0,0,0,

	.00006,
	0,
	's',
	0,0,0,2,0,0,0,0,0,0,

	-.00005,
	0,
	's',
	0,0,1,0,1,0,-2,0,0,0,

	.00005,
	0,
	's',
	0,0,1,0,0,2,-1,0,0,0,

	-.00005,
	0,
	's',
	0,0,1,0,0,-2,1,0,0,0,

	-.00005,
	0,
	'c',
	0,0,1,0,-1,-1,0,0,0,0,

	.00004,
	1,
	's',
	0,0,2,0,0,0,0,0,0,0,

	-.00004,
	0,
	's',
	0,0,1,0,1,3,0,0,0,0,

	-.00004,
	0,
	's',
	0,0,1,0,-1,-5,0,0,0,0,

	.00003,
	0,
	's',
	1,0,-1,0,0,0,0,0,0,0,

	-.00003,
	0,
	'c',
	0,0,2,0,-2,0,0,0,0,0,

	-.00002,
	0,
	's',
	0,0,1,0,0,3,1,0,0,0,

	.00002,
	0,
	's',
	0,0,1,0,0,-3,-1,0,0,0,

	-.00002,
	0,
	'c',
	0,0,0,1,0,0,0,0,0,-1,

	.00002,
	0,
	's',
	0,0,0,4,0,0,0,0,-8,3,

	.00002,
	0,
	'c',
	0,0,1,0,-1,1,0,0,0,0,

	-.00002,
	0,
	's',
	0,0,1,0,-1,2,2,0,0,0,

	-.00002,
	0,
	's',
	0,0,0,1,0,0,0,-1,0,0,

	.00002,
	0,
	's',
	0,0,1,0,1,1,-2,0,0,0,

	.00002,
	1,
	's',
	0,0,1,0,1,0,0,0,0,0,

	-.00002,
	1,
	's',
	0,0,1,0,-1,0,0,0,0,0,

	-.00002,
	0,
	'c',
	0,0,0,2,0,0,0,-2,0,0,

	-.00002,
	0,
	's',
	0,1,-1,0,1,0,0,0,0,0,

	0.0,
	0,
	's',
	0,0,0,0,0,0,0,0,0,0,
	};


