/* the v,u, and w series data for the Moon */

int	mon_prim_arg_index[MONN]=	{1,2,3,4,6,7,11};

mon_series_struct mon_v_data[65]=
	{
	.39558,
	0,
	's',
	0,1,0,1,0,0,0,

	.08200,
	0,
	's',
	0,1,0,0,0,0,0,

	.03257,
	0,
	's',
	1,-1,0,-1,0,0,0,

	.01092,
	0,
	's',
	1,1,0,1,0,0,0,

	.00666,
	0,
	's',
	1,-1,0,0,0,0,0,

	-.00644,
	0,
	's',
	1,1,-2,1,0,0,0,

	-.00331,
	0,
	's',
	0,1,-2,1,0,0,0,

	-.00304,
	0,
	's',
	0,1,-2,0,0,0,0,

	-.00240,
	0,
	's',
	1,-1,-2,-1,0,0,0,

	.00226,
	0,
	's',
	1,1,0,0,0,0,0,

	-.00108,
	0,
	's',
	1,1,-2,0,0,0,0,

	-.00079,
	0,
	's',
	0,1,0,-1,0,0,0,

	.00078,
	0,
	's',
	0,1,2,1,0,0,0,

	.00066,
	0,
	's',
	0,1,0,1,0,-1,0,

	-.00062,
	0,
	's',
	0,1,0,1,0,1,0,

	-.00050,
	0,
	's',
	1,-1,-2,0,0,0,0,

	.00045,
	0,
	's',
	2,1,0,1,0,0,0,

	-.00031,
	0,
	's',
	2,1,-2,1,0,0,0,

	-.00027,
	0,
	's',
	1,1,-2,1,0,1,0,

	-.00024,
	0,
	's',
	0,1,-2,1,0,1,0,

	-.00021,
	1,
	's',
	0,1,0,1,0,0,0,

	.00018,
	0,
	's',
	0,1,-1,1,0,0,0,

	.00016,
	0,
	's',
	0,1,2,0,0,0,0,

	.00016,
	0,
	's',
	1,-1,0,-1,0,-1,0,

	-.00016,
	0,
	's',
	2,-1,0,-1,0,0,0,

	-.00015,
	0,
	's',
	0,1,-2,0,0,1,0,

	-.00012,
	0,
	's',
	1,-1,-2,-1,0,1,0,

	-.00011,
	0,
	's',
	1,-1,0,-1,0,1,0,

	.00009,
	0,
	's',
	1,1,0,1,0,-1,0,

	.00009,
	0,
	's',
	2,1,0,0,0,0,0,

	.00008,
	0,
	's',
	2,-1,0,0,0,0,0,

	.00008,
	0,
	's',
	1,1,2,1,0,0,0,

	-0.00008,
	0,
	's',
	0,3,-2,1,0,0,0,

	.00007,
	0,
	's',
	1,-1,2,0,0,0,0,

	-.00007,
	0,
	's',
	2,-1,-2,-1,0,0,0,

	-.00007,
	0,
	's',
	1,1,0,1,0,1,0,

	-.00006,
	0,
	's',
	0,1,1,1,0,0,0,

	.00006,
	0,
	's',
	0,1,-2,0,0,-1,0,

	.00006,
	0,
	's',
	1,-1,0,1,0,0,0,

	.00006,
	0,
	's',
	0,1,2,1,0,-1,0,

	-.00005,
	0,
	's',
	1,1,-2,0,0,1,0,

	-.00004,
	0,
	's',
	2,1,-2,0,0,0,0,

	.00004,
	0,
	's',
	1,-3,0,-1,0,0,0,

	.00004,
	0,
	's',
	1,-1,0,0,0,-1,0,

	-.00003,
	0,
	's',
	1,-1,0,0,0,1,0,

	.00003,
	0,
	's',
	0,1,-1,0,0,0,0,

	.00003,
	0,
	's',
	0,1,-2,1,0,-1,0,

	-.00003,
	0,
	's',
	0,1,-2,-1,0,0,0,

	.00003,
	0,
	's',
	1,1,-2,1,0,-1,0,

	.00003,
	0,
	's',
	0,1,0,0,0,-1,0,

	-.00003,
	0,
	's',
	0,1,-1,1,0,-1,0,

	-.00002,
	0,
	's',
	1,-1,-2,0,0,1,0,

	-.00002,
	0,
	's',
	0,1,0,0,0,1,0,

	.00002,
	0,
	's',
	1,1,-1,1,0,0,0,

	-.00002,
	0,
	's',
	1,1,0,-1,0,0,0,

	.00002,
	0,
	's',
	3,1,0,1,0,0,0,

	-.00002,
	0,
	's',
	2,-1,-4,-1,0,0,0,

	.00002,
	0,
	's',
	1,-1,-2,-1,0,-1,0,

	-.00002,
	1,
	's',
	1,-1,0,-1,0,0,0,

	-.00002,
	0,
	's',
	1,-1,-4,-1,0,0,0,

	-.00002,
	0,
	's',
	1,1,-4,0,0,0,0,

	-.00002,
	0,
	's',
	2,-1,-2,0,0,0,0,

	.00002,
	0,
	's',
	1,1,2,0,0,0,0,

	.00002,
	0,
	's',
	1,1,0,0,0,-1,0,

	.0,
	0,
	's',
	0,0,0,0,0,0,0
	};

mon_series_struct mon_u_data[31]=
	{
	1.0000,
	0,
	'c',
	0,0,0,0,0,0,0,

	-.10828,
	0,
	'c',
	1,0,0,0,0,0,0,

	-.01880,
	0,
	'c',
	1,0,-2,0,0,0,0,

	-.01479,
	0,
	'c',
	0,0,2,0,0,0,0,

	.00181,
	0,
	'c',
	2,0,-2,0,0,0,0,

	-.00147,
	0,
	'c',
	2,0,0,0,0,0,0,

	-.00105,
	0,
	'c',
	0,0,2,0,0,-1,0,

	-.00075,
	0,
	'c',
	1,0,-2,0,0,1,0,

	-.00067,
	0,
	'c',
	1,0,0,0,0,-1,0,

	.00057,
	0,
	'c',
	0,0,1,0,0,0,0,

	.00055,
	0,
	'c',
	1,0,0,0,0,1,0,

	-.00046,
	0,
	'c',
	1,0,2,0,0,0,0,

	.00041,
	0,
	'c',
	1,-2,0,0,0,0,0,

	.00024,
	0,
	'c',
	0,0,0,0,0,1,0,

	.00017,
	0,
	'c',
	0,0,2,0,0,1,0,

	.00013,
	0,
	'c',
	1,0,-2,0,0,-1,0,

	-.00010,
	0,
	'c',
	1,0,-4,0,0,0,0,

	-.00009,
	0,
	'c',
	0,0,1,0,0,1,0,

	.00007,
	0,
	'c',
	2,0,-2,0,0,1,0,

	.00006,
	0,
	'c',
	3,0,-2,0,0,0,0,

	.00006,
	0,
	'c',
	0,2,-2,0,0,0,0,

	-.00005,
	0,
	'c',
	0,0,2,0,0,-2,0,

	-.00005,
	0,
	'c',
	2,0,-4,0,0,0,0,

	.00005,
	0,
	'c',
	1,2,-2,0,0,0,0,

	-.00005,
	0,
	'c',
	1,0,-1,0,0,0,0,

	-.00004,
	0,
	'c',
	1,0,2,0,0,-1,0,

	-.00004,
	0,
	'c',
	3,0,0,0,0,0,0,

	-0.00003,
	0,
	'c',
	1,0,-4,0,0,1,0,

	-.00003,
	0,
	'c',
	2,-2,0,0,0,0,0,

	-.00003,
	0,
	'c',
	0,2,0,0,0,0,0,

	0.0,
	0,
	'c',
	0,0,0,0,0,0,0
	};

mon_series_struct mon_w_data[79]=
	{
	.10478,
	0,
	's',
	1,0,0,0,0,0,0,

	-.04105,
	0,
	's',
	0,2,0,2,0,0,0,

	-.02130,
	0,
	's',
	1,0,-2,0,0,0,0,

	-.01779,
	0,
	's',
	0,2,0,1,0,0,0,

	.01774,
	0,
	's',
	0,0,0,1,0,0,0,

	.00987,
	0,
	's',
	0,0,2,0,0,0,0,

	-.00338,
	0,
	's',
	1,-2,0,-2,0,0,0,

	-.00309,
	0,
	's',
	0,0,0,0,0,1,0,

	-.00190,
	0,
	's',
	0,2,0,0,0,0,0,

	-.00144,
	0,
	's',
	1,0,0,1,0,0,0,

	-.00144,
	0,
	's',
	1,-2,0,-1,0,0,0,

	-.00113,
	0,
	's',
	1,2,0,2,0,0,0,

	-.00094,
	0,
	's',
	1,0,-2,0,0,1,0,

	-.00092,
	0,
	's',
	2,0,-2,0,0,0,0,

	.00071,
	0,
	's',
	0,0,2,0,0,-1,0,

	.00070,
	0,
	's',
	2,0,0,0,0,0,0,

	.00067,
	0,
	's',
	1,2,-2,2,0,0,0,

	.00066,
	0,
	's',
	0,2,-2,1,0,0,0,

	-.00066,
	0,
	's',
	0,0,2,1,0,0,0,

	.00061,
	0,
	's',
	1,0,0,0,0,-1,0,

	-.00058,
	0,
	's',
	0,0,1,0,0,0,0,

	-.00049,
	0,
	's',
	1,2,0,1,0,0,0,

	-.00049,
	0,
	's',
	1,0,0,-1,0,0,0,

	-.00042,
	0,
	's',
	1,0,0,0,0,1,0,

	.00034,
	0,
	's',
	0,2,-2,2,0,0,0,

	-.00026,
	0,
	's',
	0,2,-2,0,0,0,0,

	.00025,
	0,
	's',
	1,-2,-2,-2,0,0,0,

	.00024,
	0,
	's',
	1,-2,0,0,0,0,0,

	.00023,
	0,
	's',
	1,2,-2,1,0,0,0,

	.00023,
	0,
	's',
	1,0,-2,-1,0,0,0,

	.00019,
	0,
	's',
	1,0,2,0,0,0,0,

	.00012,
	0,
	's',
	1,0,-2,0,0,-1,0,

	.00011,
	0,
	's',
	1,0,-2,1,0,0,0,

	.00011,
	0,
	's',
	1,-2,-2,-1,0,0,0,

	-.00010,
	0,
	's',
	0,0,2,0,0,1,0,

	.00009,
	0,
	's',
	1,0,-1,0,0,0,0,

	.00008,
	0,
	's',
	0,0,1,0,0,1,0,

	-.00008,
	0,
	's',
	0,2,2,2,0,0,0,

	-.00008,
	0,
	's',
	0,0,0,2,0,0,0,

	-.00007,
	0,
	's',
	0,2,0,2,0,-1,0,

	.00006,
	0,
	's',
	0,2,0,2,0,1,0,

	-.00005,
	0,
	's',
	1,2,0,0,0,0,0,

	.00005,
	0,
	's',
	3,0,0,0,0,0,0,

	-.00005,
	0,
	's',
	1,0,0,0,16,0,-18,

	-.00005,
	0,
	's',
	2,2,0,2,0,0,0,

	.00004,
	1,
	's',
	0,2,0,2,0,0,0,

	.00004,
	0,
	'c',
	1,0,0,0,16,0,-18,

	-.00004,
	0,
	's',
	1,-2,2,0,0,0,0,

	-.00004,
	0,
	's',
	1,0,-4,0,0,0,0,

	-.00004,
	0,
	's',
	3,0,-2,0,0,0,0,

	-.00004,
	0,
	's',
	0,2,2,1,0,0,0,

	-.00004,
	0,
	's',
	0,0,2,-1,0,0,0,

	-.00003,
	0,
	's',
	0,0,0,0,0,2,0,

	-.00003,
	0,
	's',
	1,0,-2,0,0,2,0,

	.00003,
	0,
	's',
	0,2,-2,1,0,1,0,

	-.00003,
	0,
	's',
	0,0,2,1,0,-1,0,

	.00003,
	0,
	's',
	2,2,-2,2,0,0,0,

	.00003,
	0,
	's',
	0,0,2,0,0,-2,0,

	-.00003,
	0,
	's',
	2,0,-2,0,0,1,0,

	.00003,
	0,
	's',
	1,2,-2,2,0,1,0,

	-.00003,
	0,
	's',
	2,0,-4,0,0,0,0,

	.00002,
	0,
	's',
	0,2,-2,2,0,1,0,

	-.00002,
	0,
	's',
	2,2,0,1,0,0,0,

	-.00002,
	0,
	's',
	2,0,0,-1,0,0,0,

	.00002,
	1,
	'c',
	1,0,0,0,16,0,-18,

	.00002,
	0,
	's',
	0,0,4,0,0,0,0,

	-.00002,
	0,
	's',
	0,2,-1,2,0,0,0,

	-.00002,
	0,
	's',
	1,2,-2,0,0,0,0,

	-.00002,
	0,
	's',
	2,0,0,1,0,0,0,

	-.00002,
	0,
	's',
	2,-2,0,-1,0,0,0,

	.00002,
	0,
	's',
	1,0,2,0,0,-1,0,

	.00002,
	0,
	's',
	2,0,0,0,0,-1,0,

	-.00002,
	0,
	's',
	1,0,-4,0,0,1,0,

	.00002,
	1,
	's',
	1,0,0,0,16,0,-18,

	-.00002,
	0,
	's',
	1,-2,0,-2,0,-1,0,

	.00002,
	0,
	's',
	2,-2,0,-2,0,0,0,

	-.00002,
	0,
	's',
	1,0,2,1,0,0,0,

	-.00002,
	0,
	's',
	1,-2,2,-1,0,0,0,

	0.0,
	0,
	's',
	0,0,0,0,0,0,0
	};

