/* the v,u, and w series data for Neptune */

int	nep_prim_arg_index[NEPN]=	{4,6,7,18,21,23,24,26,27,28};

nep_series_struct nep_v_data[26]=
	{
	.39763,
	0,
	's',
	0,0,0,0,0,0,0,1,0,0,

	.02846,
	0,
	's',
	0,0,0,0,0,0,0,0,0,1,

	.01323,
	0,
	's',
	0,1,0,0,0,0,0,0,0,0,

	-.00510,
	0,
	's',
	0,0,0,0,0,0,0,1,-1,0,

	.00170,
	0,
	's',
	0,0,0,0,0,0,0,1,1,0,

	.00036,
	0,
	's',
	0,0,0,0,0,0,0,0,1,-1,

	-.00033,
	0,
	's',
	0,1,-1,0,0,0,0,0,0,0,

	-.00021,
	1,
	's',
	0,0,0,0,0,0,0,1,0,0,

	-.00015,
	1,
	's',
	0,0,0,0,0,0,0,0,0,1,

	.00012,
	0,
	's',
	0,0,0,0,0,0,0,0,1,1,

	.00011,
	0,
	's',
	0,1,1,0,0,0,0,0,0,0,

	.00010,
	0,
	's',
	0,0,0,0,0,0,0,1,0,-2,

	-.00006,
	1,
	'c',
	0,0,0,0,0,0,0,1,-1,0,

	.00005,
	0,
	's',
	0,0,0,1,0,0,0,1,-1,0,

	.00005,
	0,
	's',
	0,0,0,0,0,2,-1,-3,0,0,

	-.00005,
	0,
	's',
	0,0,0,0,0,2,-1,-1,0,0,

	-.00004,
	0,
	'c',
	0,1,0,0,0,0,0,0,0,0,

	-.00003,
	0,
	'c',
	0,0,1,0,0,0,0,1,-1,0,

	.00003,
	0,
	'c',
	0,0,0,0,1,0,0,1,-1,0,

	.00002,
	0,
	's',
	0,0,0,0,1,0,0,1,-1,0,

	.00002,
	0,
	's',
	0,0,0,0,1,0,0,1,0,0,

	-.00002,
	0,
	's',
	0,0,0,0,1,0,0,-1,0,0,

	-.00002,
	1,
	'c',
	0,0,0,0,0,0,0,1,1,0,

	-.00002,
	0,
	's',
	1,0,0,0,0,0,0,1,0,0,

	-.00002,
	0,
	's',
	1,0,0,0,0,0,0,-1,0,0,

	0.0,
	0,
	's',
	0,0,0,0,0,0,0,0,0,0
	};

nep_series_struct nep_u_data[19]=
	{
	1.00000,
	0,
	'c',
	0,0,0,0,0,0,0,0,0,0,

	.06640,
	0,
	'c',
	0,1,0,0,0,0,0,-1,0,0,

	-.01707,
	0,
	'c',
	0,0,0,0,0,0,0,0,1,0,

	-.00167,
	0,
	'c',
	0,1,-1,0,0,0,0,-1,0,0,

	-.00085,
	0,
	'c',
	0,1,0,0,0,0,0,-1,1,0,

	.00056,
	0,
	'c',
	0,1,1,0,0,0,0,-1,0,0,

	-.00052,
	0,
	'c',
	0,0,0,0,0,2,-1,-2,0,0,

	.00028,
	0,
	'c',
	0,1,0,0,0,0,0,-1,-1,0,

	.00028,
	0,
	'c',
	0,0,0,1,0,0,0,0,-1,0,

	-.00021,
	1,
	's',
	0,0,0,0,0,0,0,0,1,0,

	.00020,
	0,
	's',
	0,1,0,0,0,0,0,-1,0,0,

	.00017,
	0,
	's',
	0,0,0,1,0,0,0,0,-1,0,

	-.00013,
	0,
	's',
	0,0,0,0,1,0,0,0,-1,0,

	.00012,
	0,
	'c',
	0,0,0,0,1,0,0,0,-1,0,

	-.00011,
	0,
	's',
	0,0,0,0,0,0,1,0,-1,0,

	-.00007,
	0,
	'c',
	0,0,0,0,0,0,1,0,-1,0,

	-.00004,
	0,
	'c',
	0,0,1,0,0,0,0,0,0,0,

	.00003,
	1,
	'c',
	0,0,0,0,0,0,0,0,1,0,

	0.0,
	0,
	's',
	0,0,0,0,0,0,0,0,0,0
	};

nep_series_struct nep_w_data[33]=
	{
	-.04126,
	0,
	's',
	0,0,0,0,0,0,0,2,0,0,

	.03186,
	0,
	's',
	0,1,0,0,0,0,0,-1,0,0,

	.01636,
	0,
	's',
	0,0,0,0,0,0,0,0,1,0,

	-.00617,
	0,
	's',
	0,0,0,0,0,0,0,1,0,1,

	.00617,
	0,
	's',
	0,0,0,0,0,0,0,1,0,-1,

	-.00137,
	0,
	's',
	0,1,0,0,0,0,0,1,0,0,

	-.00080,
	0,
	's',
	0,1,-1,0,0,0,0,-1,0,0,

	.00053,
	0,
	's',
	0,0,0,0,0,0,0,2,-1,0,

	.00027,
	0,
	's',
	0,1,1,0,0,0,0,-1,0,0,

	-.00023,
	0,
	's',
	0,0,0,0,0,0,0,0,0,2,

	-.00020,
	1,
	'c',
	0,0,0,0,0,0,0,0,1,0,

	-.00018,
	0,
	's',
	0,0,0,0,0,0,0,2,1,0,

	.00013,
	0,
	's',
	0,0,0,1,0,0,0,0,-1,0,

	-.00010,
	0,
	'c',
	0,1,0,0,0,0,0,-1,0,0,

	-.00008,
	0,
	'c',
	0,0,0,1,0,0,0,0,-1,0,

	.00008,
	0,
	's',
	0,0,0,0,0,0,0,1,-1,1,

	-.00008,
	0,
	's',
	0,0,0,0,0,0,0,1,1,-1,

	-.00008,
	0,
	's',
	1,0,0,0,0,0,0,0,0,0,

	.00006,
	0,
	'c',
	0,0,0,0,1,0,0,0,-1,0,

	.00006,
	0,
	's',
	0,0,0,0,1,0,0,0,-1,0,

	.00005,
	1,
	's',
	0,0,0,0,0,0,0,2,0,0,

	-.00004,
	0,
	's',
	0,0,0,0,0,0,2,0,-3,0,

	.00004,
	0,
	'c',
	0,0,0,0,0,0,2,0,-2,0,

	.00004,
	1,
	's',
	0,0,0,0,0,0,0,1,0,1,

	-.00004,
	1,
	's',
	0,0,0,0,0,0,0,1,0,-1,

	.00003,
	0,
	's',
	0,1,-1,0,0,0,0,1,0,0,

	-.00003,
	0,
	's',
	0,0,0,0,0,0,0,1,1,1,

	.00003,
	0,
	's',
	0,0,0,0,0,0,0,1,-1,-1,

	-.00002,
	0,
	'c',
	0,0,0,0,0,0,2,0,-3,0,

	.00002,
	0,
	'c',
	0,0,0,0,0,0,1,0,-2,0,

	-.00002,
	0,
	'c',
	0,0,0,0,0,0,0,0,0,0,

	-.00002,
	1,
	's',
	0,0,0,0,0,0,0,0,1,0,

	0.0,
	0,
	's',
	0,0,0,0,0,0,0,0,0,0
	};
