/* the v,u, and w series data for pluto */

int	plu_prim_arg_index[PLUN]=	{30,31,32,6};

plu_series_struct plu_v_data[17]=
	{
	.36074,
	0,
	's',
	1,0,0,0,

	.25069,
	0,
	's',
	0,0,1,0,
	
	-.13853,
	0,
	's',
	1,-1,0,0,

	.09627,
	0,
	's',
	0,1,-1,0,

	.04406,
	0,
	's',
	1,1,0,0,

	.03062,
	0,
	's',
	0,1,1,0,

	.00963,
	0,
	's',
	0,0,0,1,

	.00820,
	0,
	's',
	1,0,-2,0,

	.00804,
	0,
	's',
	1,2,0,0,

	.00559,
	0,
	's',
	0,2,1,0,

	-.00315,
	0,
	's',
	1,1,-2,0,

	.00290,
	0,
	's',
	1,-2,0,0,

	-.00201,
	0,
	's',
	0,2,-1,0,

	.00180,
	0,
	's',
	1,3,0,0,

	.00125,
	0,
	's',
	0,3,1,0,

	.00100,
	0,
	's',
	1,-1,-2,0,

	0.0,
	0,
	's',
	0,0,0,0
	};

plu_series_struct plu_u_data[8]=
	{
	1.0000,
	0,
	'c',
	0,0,0,0,

	-.45051,
	0,
	'c',
	0,1,0,0,

	.04386,
	0,
	'c',
	1,0,0,-1,

	-.02752,
	0,
	'c',
	0,2,0,0,

	-.01684,
	0,
	'c',
	1,-1,0,-1,

	.00536,
	0,
	'c',
	1,1,0,-1,

	-.00399,
	0,
	'c',
	0,3,0,0,

	0.0,
	0,
	's',
	0,0,0,0
	};

plu_series_struct plu_w_data[27]=
	{
	.43986,
	0,
	's',
	0,1,0,0,

	-.05438,
	0,
	's',
	1,0,1,0,

	.05438,
	0,
	's',
	1,0,-1,0,

	-.03744,
	0,
	's',
	2,0,0,0,

	-.02319,
	0,
	's',
	1,0,0,-1,

	-.02088,
	0,
	's',
	1,1,-1,0,

	.02088,
	0,
	's',
	1,-1,1,0,

	-.01974,
	0,
	's',
	0,0,2,0,

	.01438,
	0,
	's',
	2,-1,0,0,

	.01240,
	0,
	's',
	0,2,0,0,

	-.00758,
	0,
	's',
	0,1,-2,0,

	-.00664,
	0,
	's',
	1,1,1,0,

	.00664,
	0,
	's',
	1,-1,-1,0,

	-.00457,
	0,
	's',
	2,1,0,0,

	.00416,
	0,
	's',
	0,3,0,0,

	-.00241,
	0,
	's',
	0,1,2,0,

	-.00121,
	0,
	's',
	1,2,1,0,

	.00121,
	0,
	's',
	1,-2,-1,0,

	.00102,
	0,
	's',
	0,4,0,0,

	-.00100,
	0,
	's',
	1,0,0,1,

	.00098,
	2,
	's',
	0,1,0,0,

	.00087,
	1,
	's',
	0,1,0,0,

	-.00085,
	0,
	's',
	2,0,-2,0,

	-.00084,
	0,
	's',
	2,2,0,0,

	-.00074,
	0,
	'c',
	0,0,0,0,

	-.00065,
	0,
	's',
	0,5,0,0,

	0.0,
	0,
	's',
	0,0,0,0
	};


