/* the v,u, and w series data for Saturn */

int	sat_prim_arg_index[SATN]=	{4,6,7,18,20,21,24};

sat_series_struct sat_v_data[87]=
	{
	.39412,
	0,
	's',
	0,0,0,0,1,0,0,

	.04138,
	0,
	's',
	0,1,0,0,0,0,0,

	.03664,
	0,
	's',
	0,0,0,0,0,1,0,

	-.03310,
	0,
	's',
	0,0,0,0,1,-1,0,

	-.01480,
	0,
	'c',
	0,0,0,0,0,1,0,

	.01099,
	0,
	's',
	0,0,0,0,1,1,0,

	.00957,
	1,
	'c',
	0,0,0,0,1,0,0,

	.00471,
	0,
	'c',
	0,0,0,0,1,0,0,

	-.00259,
	0,
	'c',
	0,0,0,2,1,-5,0,

	-.00255,
	0,
	'c',
	0,0,0,2,-1,-5,0,

	.00123,
	0,
	'c',
	0,0,0,0,0,0,0,

	.00118,
	0,
	's',
	0,0,0,2,1,-5,0,

	-.00113,
	1,
	'c',
	0,0,0,0,1,-1,0,

	.00107,
	0,
	's',
	0,0,0,2,-1,-5,0,

	-.00104,
	0,
	's',
	0,1,-1,0,0,0,0,

	.00102,
	0,
	's',
	0,0,0,0,0,2,0,

	-.00096,
	0,
	'c',
	0,0,0,2,-1,-4,0,

	-.00056,
	0,
	'c',
	0,0,0,0,1,-1,0,

	.00053,
	0,
	's',
	0,0,0,0,1,2,0,

	.00051,
	0,
	's',
	0,0,0,1,-1,-2,0,

	-.00048,
	0,
	'c',
	0,0,0,2,1,-4,0,

	-.00042,
	0,
	'c',
	0,0,0,0,0,2,0,

	.00035,
	1,
	'c',
	0,0,0,0,0,1,0,

	.00035,
	0,
	's',
	0,1,1,0,0,0,0,

	-.00032,
	1,
	's',
	0,0,0,0,1,0,0,

	-.00032,
	0,
	'c',
	0,0,0,2,0,-4,0,

	.00029,
	0,
	's',
	0,0,0,1,1,-2,0,

	.00024,
	1,
	's',
	0,0,0,0,1,-1,0,

	.00022,
	0,
	's',
	0,0,0,0,1,-2,0,

	.00020,
	0,
	's',
	0,0,0,2,0,-6,0,

	-.00019,
	0,
	'c',
	0,0,0,2,0,-6,0,

	-.00017,
	0,
	'c',
	0,0,0,1,1,-1,0,

	.00017,
	0,
	'c',
	0,0,0,1,-1,-1,0,

	.00016,
	1,
	'c',
	0,0,0,0,1,1,0,

	.00016,
	1,
	's',
	0,0,0,2,1,-5,0,

	-.00015,
	0,
	'c',
	0,0,0,2,-1,-6,0,

	-.00012,
	0,
	's',
	0,0,0,2,-1,-4,0,

	-.00012,
	2,
	's',
	0,0,0,0,1,0,0,

	-.00009,
	0,
	'c',
	0,0,0,2,0,-5,0,

	.00009,
	1,
	'c',
	0,0,0,2,1,-5,0,

	.00009,
	1,
	's',
	0,0,0,0,0,1,0,

	.00008,
	0,
	'c',
	0,0,0,0,1,1,0,

	-.00007,
	1,
	's',
	0,0,0,0,1,1,0,

	.00007,
	0,
	'c',
	0,0,0,0,1,-2,0,

	-.00007,
	0,
	'c',
	0,0,0,0,1,2,0,

	-.00007,
	1,
	'c',
	0,0,0,0,0,0,0,

	-.00007,
	0,
	'c',
	0,0,0,0,3,0,0,

	.00006,
	0,
	's',
	0,0,0,0,3,0,0,

	.00006,
	0,
	's',
	0,0,0,2,-1,-6,0,

	.00006,
	0,
	's',
	0,0,0,1,1,-1,0,

	.00006,
	0,
	'c',
	0,0,0,2,-1,-3,0,

	.00006,
	0,
	's',
	0,0,0,2,-1,-2,0,

	.00005,
	0,
	's',
	0,0,0,1,0,-3,0,

	.00004,
	0,
	's',
	0,0,0,0,0,3,0,

	-.00004,
	0,
	'c',
	0,0,0,2,0,-3,0,

	.00004,
	0,
	's',
	0,0,0,2,-1,-3,0,

	-.00004,
	0,
	'c',
	0,1,0,0,0,0,0,

	.00004,
	0,
	's',
	0,0,0,1,-1,-3,0,

	-.00004,
	0,
	's',
	1,0,0,0,-1,0,0,

	.00004,
	1,
	's',
	0,0,0,2,-1,-5,0,

	.00003,
	0,
	'c',
	0,0,0,1,1,-3,0,

	.00003,
	0,
	's',
	0,0,0,2,1,-4,0,

	.00003,
	0,
	's',
	0,0,0,0,1,3,0,

	.00003,
	1,
	's',
	0,0,0,2,1,-4,0,

	.00003,
	0,
	's',
	0,0,0,1,1,-3,0,

	-.00003,
	0,
	's',
	0,0,0,1,-1,-1,0,

	.00003,
	1,
	'c',
	0,0,0,2,-1,-5,0,

	-.00003,
	0,
	'c',
	0,0,0,2,1,-3,0,

	-.00003,
	0,
	's',
	0,0,0,2,1,-6,3,

	-.00003,
	0,
	's',
	0,0,0,2,-1,-6,3,

	.00003,
	0,
	'c',
	0,0,0,0,1,-2,3,

	.00003,
	0,
	's',
	0,0,0,1,0,-1,0,

	.00003,
	0,
	'c',
	0,0,0,4,-1,-10,0,

	.00003,
	0,
	's',
	0,0,0,2,0,-5,0,

	.00003,
	0,
	's',
	0,0,0,4,-1,-10,0,

	-.00002,
	1,
	's',
	0,1,0,0,0,0,0,

	.00002,
	0,
	's',
	0,0,0,0,1,-1,3,

	-.00002,
	0,
	's',
	0,0,0,0,1,1,-3,

	.00002,
	0,
	'c',
	0,0,0,1,0,-3,0,

	.00002,
	0,
	'c',
	0,0,0,1,-1,-3,0,

	-.00002,
	0,
	'c',
	0,0,0,0,0,3,0,

	.00002,
	2,
	's',
	0,0,0,0,1,-1,0,

	.00002,
	0,
	'c',
	0,0,0,2,-1,-2,0,

	-.00002,
	0,
	'c',
	0,0,0,0,1,-1,3,

	-.00002,
	0,
	'c',
	0,0,0,0,1,1,-3,

	.00002,
	0,
	's',
	0,0,0,4,-1,-9,0,

	0.0,
	0,
	's',
	0,0,0,0,0,0,0
	};


sat_series_struct sat_u_data[84]=
	{
	1.0000,
	0,
	'c',
	0,0,0,0,0,0,0,

	.20588,
	0,
	'c',
	0,1,0,0,-1,0,0,

	-.10998,
	0,
	'c',
	0,0,0,0,0,1,0,

	-.01729,
	0,
	'c',
	0,1,0,0,-1,1,0,

	.00574,
	0,
	'c',
	0,1,0,0,-1,-1,0,

	-.00517,
	0,
	'c',
	0,1,-1,0,-1,0,0,

	.00500,
	1,
	's',
	0,1,0,0,-1,0,0,

	-.00389,
	0,
	's',
	0,0,0,2,0,-4,0,

	.00269,
	0,
	's',
	0,1,0,0,-1,0,0,

	.00172,
	0,
	'c',
	0,1,1,0,-1,0,0,

	.00168,
	0,
	's',
	0,0,0,1,0,-1,0,

	-.00153,
	0,
	'c',
	0,0,0,0,0,2,0,

	-.00135,
	0,
	's',
	0,1,0,-2,-1,5,0,

	-.00133,
	0,
	's',
	0,1,0,2,-1,-5,0,

	-.00113,
	0,
	'c',
	0,0,0,1,0,-2,0,

	-.00109,
	1,
	's',
	0,0,0,0,0,1,0,

	.00081,
	0,
	's',
	0,0,0,2,0,-5,0,

	.00070,
	0,
	's',
	0,0,0,2,0,-6,0,

	.00067,
	1,
	'c',
	0,0,0,0,0,1,0,

	.00062,
	0,
	'c',
	0,1,0,-2,-1,5,0,

	-.00059,
	1,
	's',
	0,1,0,0,-1,1,0,

	-.00056,
	0,
	'c',
	0,1,0,2,-1,-5,0,

	-.00051,
	0,
	's',
	0,0,0,0,0,1,0,

	-.00050,
	0,
	's',
	0,1,0,2,-1,-4,0,

	.00043,
	0,
	'c',
	0,1,-1,0,-1,1,0,

	-.00036,
	0,
	'c',
	0,0,1,0,0,0,0,

	.00033,
	0,
	'c',
	0,0,0,2,0,-6,0,

	-.00031,
	0,
	's',
	0,1,0,0,-1,1,0,

	-.00028,
	0,
	'c',
	0,0,0,2,0,-2,0,

	.00027,
	0,
	'c',
	0,1,0,0,-1,-2,0,

	-.00027,
	0,
	'c',
	0,1,0,1,-1,-2,0,

	-.00025,
	0,
	's',
	0,1,0,-2,-1,4,0,

	.00025,
	0,
	'c',
	0,0,0,1,0,-1,0,

	.00022,
	0,
	'c',
	0,0,0,1,0,-3,0,

	.00019,
	0,
	'c',
	0,0,0,2,0,-5,0,

	.00015,
	0,
	'c',
	0,1,0,-1,-1,2,0,

	-.00014,
	0,
	'c',
	0,1,1,0,-1,1,0,

	-.00014,
	0,
	'c',
	0,1,-1,0,-1,-1,0,

	-.00014,
	0,
	'c',
	0,0,0,2,0,-3,0,

	-.00013,
	1,
	's',
	0,1,-1,0,-1,0,0,

	.00012,
	0,
	'c',
	0,1,0,0,-1,2,0,

	.00012,
	1,
	'c',
	0,1,0,0,-1,1,0,

	-.00009,
	0,
	's',
	0,1,0,-1,-1,1,0,

	.00009,
	0,
	's',
	0,1,0,1,-1,-1,0,

	.00009,
	0,
	'c',
	0,0,0,2,0,-4,0,

	.00009,
	0,
	's',
	0,0,0,0,0,2,-3,

	.00008,
	1,
	's',
	0,1,0,0,-1,-1,0,

	.00008,
	1,
	'c',
	0,1,0,-2,-1,5,0,

	-.00008,
	0,
	's',
	0,0,0,1,0,0,0,

	-.00008,
	1,
	'c',
	0,0,0,0,0,0,0,

	-.00008,
	0,
	's',
	0,1,0,2,-1,-6,0,

	.00007,
	0,
	's',
	0,0,0,2,0,-2,0,

	.00007,
	0,
	's',
	0,0,0,2,0,-3,0,

	-.00006,
	0,
	's',
	0,0,0,1,0,-3,0,

	.00006,
	0,
	'c',
	0,1,0,2,-1,-4,0,

	-.00006,
	0,
	's',
	0,1,-1,0,-1,0,0,

	-.00006,
	2,
	'c',
	0,1,0,0,-1,0,0,

	-.00006,
	1,
	'c',
	0,1,0,0,-1,0,0,

	.00006,
	1,
	'c',
	0,0,0,2,0,-6,0,

	.00005,
	0,
	'c',
	0,1,1,0,-1,-1,0,

	.00005,
	1,
	's',
	0,0,0,2,0,-4,0,

	.00005,
	1,
	's',
	0,1,0,-2,-1,5,0,

	-.00004,
	0,
	's',
	0,0,0,3,0,-3,0,

	.00004,
	0,
	's',
	0,1,0,0,-1,-1,0,

	.00004,
	0,
	's',
	0,0,0,0,0,2,0,

	.00004,
	1,
	's',
	0,1,1,0,-1,0,0,

	.00004,
	0,
	's',
	0,1,0,0,-1,2,0,

	-.00004,
	0,
	'c',
	0,0,0,0,0,2,-3,

	-.00004,
	0,
	's',
	0,1,0,0,-1,-2,0,

	.00004,
	0,
	'c',
	0,0,0,2,0,-7,0,

	-.00004,
	1,
	'c',
	0,1,0,0,-1,-1,0,

	-.00004,
	1,
	'c',
	0,0,0,0,0,2,0,

	.00004,
	0,
	's',
	0,0,0,2,0,-7,0,

	-.00003,
	0,
	's',
	0,1,0,0,-3,0,0,

	-.00003,
	0,
	's',
	0,1,0,0,1,0,0,

	.00003,
	0,
	's',
	0,1,-1,-2,-1,5,0,

	.00003,
	0,
	'c',
	0,1,0,0,-3,0,0,

	.00003,
	0,
	's',
	0,1,-1,2,-1,-5,0,

	-.00003,
	0,
	'c',
	0,1,0,0,1,0,0,

	-.00003,
	0,
	's',
	0,0,0,1,0,-2,0,

	-.00003,
	0,
	'c',
	0,1,0,2,-1,-6,0,

	-.00003,
	0,
	'c',
	0,0,0,0,0,3,0,

	.00003,
	0,
	'c',
	0,1,0,-1,-1,1,0,

	0.0,
	0,
	's',
	0,0,0,0,0,0,0
	};


sat_series_struct sat_w_data[102]=
	{
	.10619,
	0,
	's',
	0,0,0,0,0,1,0,

	.09967,
	0,
	's',
	0,1,0,0,-1,0,0,

	-.04059,
	0,
	's',
	0,0,0,0,2,0,0,

	.02307,
	1,
	'c',
	0,0,0,0,0,0,0,

	-.01237,
	0,
	'c',
	0,0,0,2,0,-5,0,

	.01151,
	0,
	'c',
	0,0,0,0,0,0,0,

	-.00795,
	0,
	's',
	0,0,0,0,1,1,0,

	.00795,
	0,
	's',
	0,0,0,0,1,-1,0,

	.00542,
	0,
	's',
	0,0,0,2,0,-5,0,

	-.00429,
	0,
	's',
	0,1,0,0,1,0,0,

	-.00347,
	0,
	'c',
	0,0,0,2,0,-4,0,

	.00340,
	0,
	's',
	0,0,0,0,2,-1,0,

	.00321,
	0,
	'c',
	0,0,0,0,1,1,0,

	.00321,
	0,
	'c',
	0,0,0,0,1,-1,0,

	-.00250,
	0,
	's',
	0,1,-1,0,-1,0,0,

	-.00235,
	1,
	'c',
	0,0,0,0,0,1,0,

	.00195,
	0,
	's',
	0,0,0,1,0,-2,0,

	-.00116,
	0,
	'c',
	0,0,0,0,0,1,0,

	-.00112,
	0,
	's',
	0,0,0,0,2,1,0,

	-.00100,
	1,
	'c',
	0,0,0,0,2,0,0,

	.00083,
	0,
	's',
	0,1,1,0,-1,0,0,

	-.00082,
	0,
	'c',
	0,0,0,0,2,0,0,

	.00072,
	0,
	's',
	0,0,0,0,0,2,0,

	-.00069,
	1,
	's',
	0,0,0,0,0,1,0,

	-.00053,
	0,
	'c',
	0,0,0,0,1,0,0,

	.00046,
	1,
	's',
	0,0,0,2,0,-5,0,

	-.00035,
	0,
	'c',
	0,0,0,2,0,-6,0,

	.00028,
	1,
	'c',
	0,0,0,2,0,-5,0,

	.00027,
	0,
	'c',
	0,0,0,2,2,-5,0,

	.00026,
	0,
	'c',
	0,0,0,2,-2,-5,0,

	-.00022,
	0,
	's',
	0,0,0,0,1,2,0,

	.00022,
	0,
	's',
	0,0,0,0,1,-2,0,

	-.00022,
	0,
	's',
	0,0,0,2,0,-4,0,

	.00017,
	0,
	's',
	0,0,0,1,0,-3,0,

	.00015,
	0,
	's',
	0,0,0,2,0,-6,0,

	.00013,
	0,
	's',
	0,0,0,2,0,-2,0,

	-.00013,
	0,
	's',
	0,0,0,2,0,-6,3,

	.00013,
	0,
	'c',
	0,0,0,1,0,-3,0,

	-.00012,
	0,
	's',
	0,0,0,2,2,-5,0,

	.00012,
	1,
	'c',
	0,0,0,0,2,-1,0,

	.00011,
	0,
	's',
	0,0,0,2,0,-3,0,

	.00011,
	0,
	's',
	0,1,-1,0,1,0,0,

	-.00011,
	0,
	's',
	0,0,0,2,-2,-5,0,

	.00010,
	0,
	'c',
	0,0,0,2,-2,-4,0,

	-.00010,
	0,
	's',
	0,0,0,0,0,1,-3,

	.00010,
	0,
	'c',
	0,0,0,0,2,-1,0,

	-.00010,
	0,
	'c',
	0,1,0,0,-1,0,0,

	.00009,
	0,
	'c',
	0,0,0,4,0,-10,0,

	.00009,
	0,
	'c',
	0,0,0,0,1,2,0,

	.00009,
	0,
	'c',
	0,0,0,0,1,-2,0,

	.00009,
	0,
	'c',
	0,0,0,0,0,2,-3,

	.00009,
	0,
	's',
	0,0,0,4,0,-10,0,

	-.00008,
	0,
	's',
	1,0,0,0,0,0,0,

	-.00008,
	1,
	'c',
	0,0,0,0,1,1,0,

	-.00008,
	1,
	'c',
	0,0,0,0,1,-1,0,

	-.00008,
	0,
	'c',
	0,0,0,0,0,1,-3,

	.00007,
	0,
	'c',
	0,0,0,2,1,-4,0,

	.00007,
	0,
	'c',
	0,0,0,2,-1,-4,0,

	.00007,
	0,
	's',
	0,0,0,1,0,-1,0,

	.00006,
	0,
	's',
	0,0,0,0,0,3,0,

	.00006,
	0,
	'c',
	0,0,0,2,0,-3,0,

	.00006,
	1,
	's',
	0,0,0,2,0,-4,0,

	-.00005,
	0,
	's',
	0,0,0,0,0,2,-2,

	-.00005,
	0,
	's',
	0,0,0,1,-2,-2,0,

	-.00005,
	0,
	's',
	0,0,0,0,2,2,0,

	.00005,
	0,
	's',
	0,0,0,4,0,-9,0,

	.00005,
	1,
	's',
	0,0,0,0,2,0,0,

	.00005,
	0,
	'c',
	0,0,0,2,2,-4,0,

	.00005,
	0,
	's',
	0,0,0,0,0,2,-3,

	-.00004,
	0,
	's',
	0,0,0,2,1,-6,0,

	-.00004,
	0,
	's',
	0,0,0,2,-1,-6,0,

	-.00004,
	2,
	's',
	0,0,0,0,0,1,0,

	.00004,
	0,
	'c',
	0,0,0,2,1,-6,0,

	.00004,
	0,
	'c',
	0,0,0,2,-1,-6,0,

	.00004,
	0,
	'c',
	0,0,0,2,0,-2,0,

	-.00004,
	0,
	's',
	0,0,0,0,0,1,-2,

	.00004,
	0,
	'c',
	0,0,0,0,0,1,-1,

	-.00004,
	0,
	's',
	0,1,1,0,1,0,0,

	-.00003,
	0,
	's',
	0,0,0,1,2,-2,0,

	-.00003,
	1,
	's',
	0,0,0,4,0,-10,0,

	.00003,
	1,
	'c',
	0,0,0,0,1,0,0,

	-.00003,
	0,
	'c',
	0,0,0,0,2,1,0,

	.00003,
	1,
	'c',
	0,0,0,4,0,-10,0,

	-.00003,
	1,
	's',
	0,0,0,0,2,-1,0,

	-.00002,
	0,
	's',
	0,0,0,3,0,-7,0,

	.00002,
	1,
	'c',
	0,0,0,0,0,2,0,

	-.00002,
	0,
	's',
	0,0,0,0,2,-2,0,

	-.00002,
	0,
	'c',
	0,0,0,2,0,-7,0,

	-.00002,
	0,
	'c',
	0,0,0,0,0,2,-2,

	-.00002,
	0,
	'c',
	0,0,0,0,0,3,0,

	.00002,
	0,
	's',
	0,0,0,3,0,-4,0,

	-.00002,
	0,
	'c',
	0,0,0,3,0,-3,0,

	.00002,
	0,
	'c',
	0,0,0,2,1,-5,0,

	.00002,
	0,
	'c',
	0,0,0,2,-1,-5,0,

	.00002,
	1,
	's',
	0,0,0,1,0,-1,0,

	.00002,
	0,
	'c',
	0,0,0,1,2,-1,0,

	-.00002,
	0,
	'c',
	0,0,0,1,-2,-1,0,

	-.00002,
	1,
	'c',
	0,0,0,0,2,1,0,

	.00002,
	0,
	'c',
	0,0,0,1,0,0,0,

	-.00002,
	1,
	's',
	0,0,0,2,2,-5,0,

	.00002,
	0,
	'c',
	0,0,0,2,-2,-6,0,

	0.0,
	0,
	's',
	0,0,0,0,0,0,0
	};


