/* the v,u, and w series data for the sun */

int	sun_prim_arg_index[SUNN]=	{0,4,6,7,12,15,18};

sun_series_struct sun_v_data[9]=
	{
	.39785,
	0,
	's',
	0,0,1,0,0,0,0,

	-.0100,
	0,
	's',
	0,0,1,-1,0,0,0,

	.00333,
	0,
	's',
	0,0,1,1,0,0,0,

	-.00021,
	1,
	's',
	0,0,1,0,0,0,0,

	.00004,
	0,
	's',
	0,0,1,2,0,0,0,

	-.00004,
	0,
	'c',
	0,0,1,0,0,0,0,

	-.00004,
	0,
	's',
	0,1,-1,0,0,0,0,

	.00003,
	1,
	's',
	0,0,1,-1,0,0,0,

	0.0,
	0,
	's',
	0,0,0,0,0,0,0
	};

sun_series_struct sun_u_data[6]=
	{
	1.0000,
	0,
	'c',
	0,0,0,0,0,0,0,

	-0.03349,
	0,
	'c',
	0,0,0,1,0,0,0,

	-0.00014,
	0,
	'c',
	0,0,0,2,0,0,0,

	0.00008,
	1,
	'c',
	0,0,0,1,0,0,0,

	-0.00003,
	0,
	's',
	0,0,0,1,0,0,-1,

	0.0,
	0,
	's',
	0,0,0,0,0,0,0
	};

sun_series_struct sun_w_data[15]=
	{
	-0.04129,
	0,
	's',
	0,0,2,0,0,0,0,

	0.03211,
	0,
	's',
	0,0,0,1,0,0,0,

	0.00104,
	0,
	's',
	0,0,2,-1,0,0,0,

	-0.00035,
	0,
	's',
	0,0,2,1,0,0,0,

	-0.00010,
	0,
	'c',
	0,0,0,0,0,0,0,

	-0.00008,
	1,
	's',
	0,0,0,1,0,0,0,

	-0.00008,
	0,
	's',
	0,1,0,0,0,0,0,

	0.00007,
	0,
	's',
	0,0,0,2,0,0,0,

	0.00005,
	1,
	's',
	0,0,2,0,0,0,0,

	0.00003,
	0,
	's',
	1,0,-1,0,0,0,0,

	-0.00002,
	0,
	'c',
	0,0,0,1,0,0,-1,

	0.00002,
	0,
	's',
	0,0,0,4,0,-8,3,

	-0.00002,
	0,
	's',
	0,0,0,1,-1,0,0,

	-0.00002,
	0,
	'c',
	0,0,0,2,-2,0,0,

	0.0,
	0,
	's',
	0,0,0,0,0,0,0
	};

