/* the v,u, and w series data for Uranus */

int	ura_prim_arg_index[URAN]=	{4,6,7,18,21,23,24,25,27};

ura_series_struct ura_v_data[48]=
	{
	.39633,
	0,
	's',
	0,0,0,0,0,1,0,0,0,

	-.02799,
	0,
	's',
	0,0,0,0,0,1,-1,0,0,

	.02067,
	0,
	's',
	0,1,0,0,0,0,0,0,0,

	.01232,
	0,
	's',
	0,0,0,0,0,0,0,1,0,

	.00932,
	0,
	's',
	0,0,0,0,0,1,1,0,0,

	.00087,
	0,
	's',
	0,0,0,0,0,0,1,-1,0,

	-.00077,
	1,
	'c',
	0,0,0,0,0,1,-1,0,0,

	-.00052,
	0,
	's',
	0,1,-1,0,0,0,0,0,0,

	.00033,
	0,
	's',
	0,0,0,0,0,1,2,0,0,

	.00029,
	0,
	's',
	0,0,0,0,0,0,1,1,0,

	-.00026,
	1,
	'c',
	0,0,0,0,0,1,1,0,0,

	-.00022,
	1,
	's',
	0,0,0,0,0,1,0,0,0,

	.00019,
	0,
	's',
	0,0,0,0,1,-1,-2,0,0,

	.00017,
	0,
	's',
	0,1,1,0,0,0,0,0,0,

	-.00014,
	1,
	's',
	0,0,0,0,0,1,-1,0,0,

	.00011,
	0,
	's',
	0,0,0,0,0,1,-2,0,0,

	.00010,
	0,
	's',
	0,0,0,0,1,1,-3,0,0,

	-.00009,
	0,
	's',
	0,0,0,1,0,1,-1,0,0,

	.00009,
	0,
	's',
	0,0,0,0,1,-1,-3,0,0,

	.00008,
	0,
	'c',
	0,0,0,0,1,1,-3,0,0,

	.00008,
	0,
	's',
	0,0,0,0,1,1,-2,0,0,

	.00007,
	0,
	'c',
	0,0,0,0,1,-1,-3,0,0,

	.00006,
	2,
	'c',
	0,0,0,0,0,1,0,0,0,

	-.00005,
	0,
	'c',
	0,0,0,0,1,1,-1,0,0,

	.00005,
	1,
	's',
	0,0,0,0,0,1,1,0,0,

	-.00004,
	0,
	'c',
	0,0,0,1,0,1,-1,0,0,

	-.00004,
	0,
	'c',
	0,1,0,0,0,0,0,0,0,

	.00004,
	0,
	'c',
	0,0,0,0,0,1,-2,0,2,

	-.00003,
	0,
	'c',
	0,0,0,0,0,1,-1,0,1,

	.00003,
	0,
	's',
	0,0,0,2,-6,1,3,0,0,

	.00003,
	0,
	's',
	0,0,0,2,-6,-1,3,0,0,

	.00003,
	0,
	'c',
	0,0,0,0,1,-1,-2,0,0,

	.00002,
	0,
	's',
	0,0,0,0,1,1,0,0,0,

	-.00002,
	0,
	's',
	0,0,0,0,1,-1,0,0,0,

	-.00002,
	0,
	's',
	0,0,0,0,0,1,-3,0,3,

	-.00002,
	1,
	'c',
	0,0,0,0,0,0,1,-1,0,

	-.00002,
	0,
	'c',
	0,0,0,0,0,1,1,0,-1,

	.00002,
	0,
	'c',
	0,0,0,0,0,1,2,0,-2,

	.00002,
	0,
	's',
	0,0,0,0,0,1,1,0,-1,

	-.00002,
	0,
	's',
	0,0,0,0,0,1,-1,0,1,

	.00002,
	0,
	's',
	0,0,0,0,0,1,0,-2,0,

	.00002,
	0,
	's',
	0,0,0,0,0,1,2,0,-3,

	-.00002,
	0,
	's',
	0,0,0,0,0,1,-2,0,3,

	.00002,
	0,
	'c',
	0,0,0,0,1,-1,-1,0,0,

	-.00002,
	0,
	's',
	1,0,0,0,0,1,0,0,0,

	-.00002,
	0,
	's',
	1,0,0,0,0,-1,0,0,0,

	-.00002,
	1,
	'c',
	0,0,0,0,0,1,2,0,0,

	0.0,
	0,
	's',
	0,0,0,0,0,0,0,0,0
	};

ura_series_struct ura_u_data[34]=
	{
	1.00000,
	0,
	'c',
	0,0,0,0,0,0,0,0,0,

	.10346,
	0,
	'c',
	0,1,0,0,0,-1,0,0,0,

	-.09344,
	0,
	'c',
	0,0,0,0,0,0,1,0,0,

	-.00731,
	0,
	'c',
	0,1,0,0,0,-1,1,0,0,

	-.00260,
	0,
	'c',
	0,1,-1,0,0,-1,0,0,0,

	-.00258,
	1,
	's',
	0,0,0,0,0,0,1,0,0,

	.00243,
	0,
	'c',
	0,1,0,0,0,-1,-1,0,0,

	-.00110,
	0,
	'c',
	0,0,0,0,0,0,2,0,0,

	.00087,
	0,
	'c',
	0,1,1,0,0,-1,0,0,0,

	-.00061,
	0,
	'c',
	0,0,0,0,1,0,-2,0,0,

	-.00052,
	1,
	'c',
	0,0,0,0,0,0,1,0,0,

	-.00047,
	0,
	'c',
	0,0,0,1,0,0,-1,0,0,

	.00035,
	0,
	's',
	0,0,0,0,1,0,-1,0,0,

	.00020,
	0,
	's',
	0,0,0,1,0,0,-1,0,0,

	-.00020,
	1,
	's',
	0,1,0,0,0,-1,1,0,0,

	.00020,
	0,
	's',
	0,1,0,0,0,-1,0,0,0,

	.00018,
	0,
	'c',
	0,1,-1,0,0,-1,1,0,0,

	.00013,
	0,
	'c',
	0,0,0,0,1,0,-3,0,0,

	.00010,
	0,
	's',
	0,0,0,0,1,0,-2,0,0,

	-.00009,
	0,
	'c',
	0,0,1,0,0,0,0,0,0,

	.00009,
	0,
	'c',
	0,1,0,0,0,-1,-2,0,0,

	-.00008,
	0,
	'c',
	0,0,0,0,0,0,3,0,-3,

	.00008,
	0,
	's',
	0,0,0,0,0,0,2,0,-2,

	-.00008,
	1,
	's',
	0,0,0,0,0,0,2,0,0,

	-.00007,
	0,
	's',
	0,0,0,0,1,0,-3,0,0,

	-.00006,
	0,
	's',
	0,0,0,0,0,0,1,0,-1,

	-.00006,
	0,
	'c',
	0,1,1,0,0,-1,1,0,0,

	-.00006,
	0,
	'c',
	0,1,-1,0,0,-1,-1,0,0,

	-.00006,
	1,
	's',
	0,1,0,0,0,-1,-1,0,0,

	-.00005,
	0,
	'c',
	0,1,0,0,1,-1,-2,0,0,

	-.00004,
	1,
	'c',
	0,1,0,0,0,-1,1,0,0,

	.00004,
	2,
	'c',
	0,0,0,0,0,0,1,0,0,

	.00003,
	0,
	'c',
	0,0,0,1,0,0,0,0,0,

	0.0,
	0,
	's',
	0,0,0,0,0,0,0,0,0
	};

ura_series_struct ura_w_data[59]=
	{
	.08987,
	0,
	's',
	0,0,0,0,0,0,1,0,0,

	.04980,
	0,
	's',
	0,1,0,0,0,-1,0,0,0,

	-.04113,
	0,
	's',
	0,0,0,0,0,2,0,0,0,

	.00290,
	0,
	's',
	0,0,0,0,0,2,-1,0,0,

	-.00267,
	0,
	's',
	0,0,0,0,0,1,0,1,0,

	.00267,
	0,
	's',
	0,0,0,0,0,1,0,-1,0,

	-.00248,
	1,
	'c',
	0,0,0,0,0,0,1,0,0,

	-.00215,
	0,
	's',
	0,1,0,0,0,1,0,0,0,

	-.00125,
	0,
	's',
	0,1,-1,0,0,-1,0,0,0,

	-.00097,
	0,
	's',
	0,0,0,0,0,2,1,0,0,

	.00065,
	0,
	's',
	0,0,0,0,1,0,-2,0,0,

	.00053,
	0,
	's',
	0,0,0,0,0,0,2,0,0,

	.00051,
	1,
	's',
	0,0,0,0,0,0,1,0,0,

	.00047,
	0,
	's',
	0,0,0,0,1,0,-3,0,0,

	.00042,
	0,
	's',
	0,1,1,0,0,-1,0,0,0,

	.00035,
	0,
	'c',
	0,0,0,0,1,0,-3,0,0,

	-.00022,
	0,
	's',
	0,0,0,1,0,0,-1,0,0,

	-.00019,
	0,
	's',
	0,0,0,0,0,1,1,-1,0,

	.00019,
	0,
	's',
	0,0,0,0,0,1,-1,1,0,

	.00015,
	2,
	'c',
	0,0,0,0,0,0,0,0,0,

	.00014,
	0,
	's',
	0,0,0,2,-6,0,3,0,0,

	.00013,
	0,
	'c',
	0,0,0,0,0,0,2,0,-2,

	-.00013,
	0,
	'c',
	0,0,0,0,0,0,1,0,-1,

	-.00010,
	0,
	'c',
	0,0,0,1,0,0,-1,0,0,

	-.00010,
	0,
	'c',
	0,1,0,0,0,-1,0,0,0,

	.00009,
	0,
	's',
	0,0,0,0,0,0,1,0,-1,

	.00009,
	0,
	'c',
	0,0,0,0,1,0,-2,0,0,

	-.00009,
	0,
	'c',
	0,0,0,0,1,0,-1,0,0,

	.00008,
	0,
	's',
	0,0,0,0,0,0,2,0,-3,

	.00008,
	1,
	'c',
	0,0,0,0,0,2,-1,0,0,

	-.00008,
	0,
	's',
	1,0,0,0,0,0,0,0,0,

	.00007,
	0,
	's',
	0,0,0,0,0,0,3,0,-3,

	-.00006,
	2,
	'c',
	0,0,0,0,0,0,1,0,0,

	-.00006,
	0,
	's',
	0,0,0,0,0,1,1,1,0,

	.00006,
	0,
	's',
	0,0,0,0,0,1,-1,-1,0,

	-.00006,
	0,
	'c',
	0,0,0,0,0,0,1,0,0,

	.00005,
	0,
	's',
	0,1,-1,0,0,1,0,0,0,

	.00005,
	1,
	's',
	0,0,0,0,0,2,0,0,0,

	.00005,
	0,
	's',
	0,0,0,0,0,0,2,0,-2,

	-.00004,
	0,
	's',
	0,0,0,0,0,0,0,2,0,

	.00004,
	0,
	'c',
	0,0,0,0,0,0,2,0,-3,

	.00003,
	1,
	'c',
	0,0,0,0,1,0,-3,0,0,

	-.00003,
	0,
	's',
	0,0,0,0,0,2,2,0,0,

	-.00003,
	2,
	's',
	0,0,0,0,0,0,1,0,0,

	.00003,
	1,
	'c',
	0,0,0,0,1,0,-2,0,0,

	.00003,
	0,
	's',
	0,0,0,0,1,0,-1,0,0,

	.00003,
	0,
	's',
	0,0,0,2,-6,0,2,0,0,

	.00003,
	1,
	'c',
	0,0,0,0,0,2,1,0,0,

	.00003,
	0,
	'c',
	0,0,0,2,-6,0,2,0,0,

	-.00003,
	1,
	's',
	0,0,0,0,1,0,-3,0,0,

	-.00003,
	1,
	'c',
	0,0,0,0,0,0,2,0,0,

	-.00002,
	0,
	'c',
	0,0,0,0,0,0,0,0,0,

	.00002,
	0,
	's',
	0,0,0,0,0,0,3,0,0,

	-.00002,
	0,
	's',
	0,0,0,0,0,0,3,0,-4,

	.00002,
	0,
	'c',
	0,0,0,0,0,0,3,0,-3,

	-.00002,
	0,
	's',
	0,0,0,0,1,-2,-2,0,0,

	-.00002,
	0,
	's',
	0,1,1,0,0,1,0,0,0,

	.00002,
	1,
	's',
	0,0,0,0,0,2,-1,0,0,

	0.0,
	0,
	's',
	0,0,0,0,0,0,0,0,0
	};

