/* the v,u, and w series data for Venus */

int	ven_prim_arg_index[VENN]=	{0,4,6,7,11,12,13,15,18};

ven_series_struct ven_v_data[19]=
	{
	.32238,
	0,
	's',
	0,0,1,0,0,0,0,0,0,

	.23301,
	0,
	's',
	0,0,0,0,1,0,0,0,0,

	.03182,
	0,
	's',
	0,0,0,0,0,0,1,0,0,

	-.00810,
	0,
	's',
	0,0,1,-1,0,0,0,0,0,

	.00270,
	0,
	's',
	0,0,1,1,0,0,0,0,0,

	-.00238,
	0,
	's',
	0,0,0,0,1,-1,0,0,0,

	.00080,
	0,
	's',
	0,0,0,0,1,1,0,0,0,

	.00033,
	0,
	's',
	0,0,0,0,0,1,-1,0,0,

	.00020,
	0,
	's',
	0,0,0,0,1,0,-2,0,0,

	-.00017,
	1,
	's',
	0,0,1,0,0,0,0,0,0,

	-.00013,
	1,
	's',
	0,0,0,0,1,0,0,0,0,

	.00011,
	0,
	's',
	0,0,0,0,0,1,1,0,0,

	-.00006,
	0,
	'c',
	0,0,0,0,1,0,0,0,0,

	-.00006,
	0,
	'c',
	0,0,1,0,0,0,0,0,0,

	.00003,
	0,
	's',
	0,0,1,2,0,0,0,0,0,

	-.00003,
	0,
	's',
	0,1,-1,0,0,0,0,0,0,

	.00002,
	1,
	's',
	0,0,1,-1,0,0,0,0,0,

	-.00002,
	0,
	's',
	0,1,0,0,-1,0,0,0,0,

	0.0,
	0,
	's',
	0,0,0,0,0,0,0,0,0
	};

ven_series_struct ven_u_data[23]=
	{
	1.00000,
	0,
	'c',
	0,0,0,0,0,0,0,0,0,

	.94848,
	0,
	'c',
	0,0,1,0,-1,0,0,0,0,

	-.02383,
	0,
	'c',
	0,0,1,-1,-1,0,0,0,0,

	-.02198,
	0,
	'c',
	0,0,0,1,0,0,0,0,0,

	-.00970,
	0,
	'c',
	0,0,1,0,-1,1,0,0,0,

	.00795,
	0,
	'c',
	0,0,1,1,-1,0,0,0,0,

	-.00468,
	0,
	'c',
	0,0,0,0,0,1,0,0,0,

	.00324,
	0,
	'c',
	0,0,1,0,-1,-1,0,0,0,

	.00083,
	0,
	'c',
	0,0,1,0,-1,0,2,0,0,

	.00025,
	0,
	'c',
	0,0,1,-1,-1,1,0,0,0,

	.00010,
	0,
	'c',
	0,0,1,2,-1,0,0,0,0,

	-.00009,
	0,
	'c',
	0,0,0,2,0,0,0,0,0,

	-.00008,
	0,
	'c',
	0,0,1,-1,-1,-1,0,0,0,

	-.00008,
	0,
	'c',
	0,0,1,1,-1,1,0,0,0,

	-.00008,
	0,
	's',
	0,0,1,0,-1,0,0,0,0,

	.00006,
	1,
	'c',
	0,0,1,-1,-1,0,0,0,0,

	.00006,
	1,
	'c',
	0,0,0,1,0,0,0,0,0,

	-.00005,
	1,
	'c',
	0,0,1,0,-1,-1,0,0,0,

	.00005,
	1,
	'c',
	0,0,1,0,-1,1,0,0,0,

	-.00004,
	1,
	'c',
	0,0,1,0,-1,0,0,0,0,

	-.00003,
	0,
	's',
	0,0,0,1,0,0,0,0,-1,

	.00003,
	0,
	'c',
	0,0,1,-2,-1,0,0,0,0,

	0.0,
	0,
	's',
	0,0,0,0,0,0,0,0,0
	};

ven_series_struct ven_w_data[35]=
	{
	-.56128,
	0,
	's',
	0,0,1,0,-1,0,0,0,0,

	-.03345,
	0,
	's',
	0,0,2,0,0,0,0,0,0,

	.02602,
	0,
	's',
	0,0,0,1,0,0,0,0,0,

	-.02418,
	0,
	's',
	0,0,1,0,1,0,0,0,0,

	-.00690,
	0,
	's',
	0,0,1,0,0,0,1,0,0,

	.00690,
	0,
	's',
	0,0,1,0,0,0,-1,0,0,

	.00574,
	0,
	's',
	0,0,1,0,-1,1,0,0,0,

	-.00192,
	0,
	's',
	0,0,1,0,-1,-1,0,0,0,

	.00084,
	0,
	's',
	0,0,2,-1,0,0,0,0,0,

	-.00049,
	0,
	's',
	0,0,1,0,-1,0,2,0,0,

	-.00028,
	0,
	's',
	0,0,2,1,0,0,0,0,0,

	.00025,
	0,
	's',
	0,0,1,0,1,-1,0,0,0,

	-.00018,
	0,
	'c',
	0,0,1,0,-1,0,0,0,0,

	-.00014,
	0,
	'c',
	0,0,0,0,0,0,0,0,0,

	-.00008,
	0,
	's',
	0,0,1,0,1,1,0,0,0,

	.00007,
	0,
	's',
	0,0,1,0,0,-1,1,0,0,

	-.00007,
	0,
	's',
	0,0,1,0,0,1,-1,0,0,

	-.00006,
	1,
	's',
	0,0,0,1,0,0,0,0,0,

	-.00006,
	0,
	's',
	0,1,0,0,0,0,0,0,0,

	.00005,
	0,
	's',
	0,0,0,2,0,0,0,0,0,

	.00004,
	1,
	's',
	0,0,2,0,0,0,0,0,0,

	-.00003,
	0,
	'c',
	0,0,2,0,-2,0,0,0,0,

	.00003,
	1,
	's',
	0,0,1,0,1,0,0,0,0,

	.00003,
	1,
	's',
	0,0,1,0,-1,-1,0,0,0,

	-.00003,
	1,
	's',
	0,0,1,0,-1,1,0,0,0,

	-.00003,
	0,
	's',
	0,1,-1,0,1,0,0,0,0,

	.00002,
	0,
	's',
	1,0,-1,0,0,0,0,0,0,

	-.00002,
	0,
	's',
	0,0,1,0,0,1,1,0,0,

	.00002,
	0,
	's',
	0,0,1,0,0,-1,-1,0,0,

	-.00002,
	0,
	's',
	0,0,1,0,1,0,-2,0,0,

	-.00002,
	0,
	's',
	0,1,1,0,-1,0,0,0,0,

	-.00002,
	0,
	'c',
	0,0,0,1,0,0,0,0,-1,

	.00002,
	0,
	's',
	0,0,0,4,0,0,0,-8,3,

	-.00002,
	0,
	's',
	0,0,0,1,0,-1,0,0,0,

	0.0,
	0,
	's',
	0,0,0,0,0,0,0,0,0
	};

